      12.0395      21.4302      14.0801      24.1400      3.39221
      33.0544      21.2043      35.0230      21.3265      1.97239
      65.0068      21.3949      68.0432      22.1224      3.12234
      78.0453      21.3363      80.9464      21.3259      2.90112
      189.020      21.2225      191.106      21.2805      2.08680
      22.0107      22.0035      26.0776      26.8934      6.36009
      48.0316      21.9730      48.0321      22.2428     0.269801
      90.0192      21.8856      92.9406      21.2403      2.99182
      101.024      22.2538      105.091      23.0169      4.13797
      114.966      22.0457      118.955      23.0346      4.10975
      157.030      22.0715      158.034      26.9082      4.93980
      176.053      22.0852      177.962      21.0955      2.15031
      204.040      21.9273      205.024      21.2012      1.22290
      216.934      21.9330      220.980      21.1708      4.11716
      228.988      22.1040      233.084      21.9454      4.09906
      244.959      22.2558      246.049      23.0093      1.32509
      127.003      22.9527      131.976      22.8868      4.97344
      140.899      24.0848      145.027      24.1134      4.12809
      154.023      27.0512      158.034      26.9082      4.01355
      179.030      27.0362      182.941      27.9253      4.01078
      10.1766      27.8833      14.0801      24.1400      5.40829
      58.9106      27.8824      61.9643      24.8980      4.26986
      166.883      27.9551      170.936      27.9237      4.05313
      192.941      28.0741      196.997      27.3362      4.12258
      23.9710      29.1379      26.0776      26.8934      3.07824
      70.0499      29.8835      73.0320      27.9616      3.54776
      81.1370      30.9888      84.9124      29.9568      3.91391
      219.067      31.0932      224.097      29.1657      5.38666
      206.874      31.9411      209.017      28.8439      3.76631
      36.9590      33.0807      39.9878      32.0056      3.21395
      93.0239      33.2114      96.0513      30.9265      3.79287
      233.955      33.0484      236.910      33.0698      2.95508
      107.999      35.1363      110.122      34.1110      2.35762
      120.117      35.8852      122.980      33.9669      3.44626
      247.895      36.0133      248.979      36.0650      1.08523
      133.056      36.9657      135.966      34.1484      4.05034
      50.9362      37.9815      53.9452      33.0839      5.74809
      147.079      38.1120      151.133      36.2292      4.46988
      62.0839      38.9229      65.1215      39.7705      3.15364
      16.9326      40.0898      20.0457      39.8771      3.12036
      158.960      39.9697      163.082      37.2243      4.95258
      184.962      40.0188      187.986      37.1506      4.16786
      171.038      40.9652      174.961      39.1060      4.34127
      198.931      41.0193      201.040      39.1046      2.84850
      210.961      42.1406      215.039      39.9584      4.62516
      225.910      42.1158      228.947      41.8951      3.04501
      28.1951      42.8941      30.1130      40.8789      2.78197
      75.0259      43.0206      78.0605      40.8936      3.70580
      98.0404      43.1752      101.101      41.9024      3.31471
      87.0706      44.1071      89.1318      41.7776      3.11048
      239.037      45.1278      240.995      45.1381      1.95802
      113.020      46.8848      114.957      46.9977      1.94029
      39.9398      47.9855      43.9583      43.0516      6.36331
      125.025      48.0997      126.943      45.9489      2.88178
      138.056      48.9261      139.044      48.8449     0.991338
      52.9747      50.0196      55.8735      45.9659      4.98352
      65.9727      50.8686      67.9250      50.0287      2.12530
      151.902      50.9862      153.911      49.8025      2.33179
      164.918      50.8909      166.022      49.0640      2.13457
      177.944      51.9928      183.049      50.9286      5.21474
      190.925      51.8091      194.895      49.9289      4.39273
      80.0434      53.1745      81.0811      51.9232      1.62560
      204.016      52.8216      206.949      49.9696      4.09101
      19.0437      53.8922      22.0425      51.1061      4.09331
      217.044      53.8817      220.911      51.9686      4.31434
      31.0333      54.9389      33.0584      52.1265      3.46563
      92.0493      55.0186      93.9752      52.1519      3.45355
      103.949      55.0334      107.994      54.9070      4.04698
      230.016      55.0822      234.004      55.0142      3.98857
      242.882      56.0185      247.972      56.8755      5.16164
      117.104      58.0854      120.057      57.8943      2.95918
      43.9165      59.0411      47.0006      55.0078      5.07732
      130.947      58.9197      132.994      58.8706      2.04759
      141.967      59.1288      145.970      57.9319      4.17811
      10.8688      61.1139      13.9956      60.0649      3.29807
      57.0063      60.9148      59.9883      59.0880      3.49707
      156.014      60.9642      158.155      59.0687      2.85950
      70.9263      62.1419      73.9699      61.9059      3.05274
      169.132      62.0206      172.905      61.9049      3.77477
      181.979      62.2423      185.960      61.1581      4.12600
      194.092      62.1872      198.111      60.9056      4.21839
      207.047      63.2201      210.135      62.1011      3.28449
      231.913      63.0185      237.062      65.0977      5.55295
      22.9296      64.1776      25.9380      63.9938      3.01401
      83.9297      63.9909      86.0265      63.1142      2.27270
      219.934      64.0592      224.880      64.8196      5.00411
      96.9598      67.0299      99.9592      64.9689      3.63924
      35.9773      68.1301      39.0165      66.0683      3.67257
      110.072      68.8974      113.001      66.1426      4.02094
      123.042      69.0146      125.941      68.9504      2.89971
      234.039      68.8225      237.062      65.0977      4.79715
      245.989      69.0506      250.914      68.9784      4.92553
      49.0859      70.0572      52.0383      67.0940      4.18296
      137.094      70.0206      139.105      69.1253      2.20129
      148.916      71.0627      151.919      68.0153      4.27840
      15.0871      72.0313      17.9236      73.8932      3.39299
      160.991      72.1877      164.927      72.9666      4.01233
      62.9282      73.1202      65.9912      70.8746      3.79799
      174.113      74.0345      177.976      73.9834      3.86333
      187.993      73.9195      190.939      72.9954      3.08754
      75.1003      75.9854      80.1264      72.1710      6.30962
      213.091      75.9287      216.920      73.9839      4.29458
      27.9491      76.9822      30.9472      76.0578      3.13737
      88.9864      77.0250      91.8532      73.0065      4.93629
      201.095      76.9977      202.144      73.0820      4.05378
      226.999      76.9350      229.028      75.9556      2.25302
      100.948      78.0449      103.028      76.8832      2.38242
      40.0986      79.1003      43.1134      77.8782      3.25309
      114.972      79.1553      116.908      77.1397      2.79476
      239.090      78.9521      241.101      76.8904      2.88006
      127.958      81.0251      129.992      79.9314      2.30941
      52.0123      81.9479      56.0938      78.9160      5.08439
      139.903      83.0355      142.918      81.1387      3.56203
      66.9876      83.9328      69.9381      79.9643      4.94514
      153.077      84.9266      157.026      83.9862      4.05943
      167.961      84.9408      171.020      86.8502      3.60601
      17.0598      85.9298      21.0540      85.8624      3.99477
      80.0104      87.1527      82.0804      83.9187      3.83975
      92.0832      88.0846      96.9357      86.9411      4.98541
      192.937      88.0168      195.084      85.9040      3.01223
      232.046      88.1610      235.044      87.1015      3.17971
      31.0650      88.9340      34.0486      88.0702      3.10612
      180.135      88.9443      183.998      86.9478      4.34843
      206.972      89.1048      208.982      85.9248      3.76198
      219.123      89.0295      221.078      86.0937      3.52718
      106.081      90.0541      108.990      88.1441      3.48000
      44.9965      92.0339      46.0437      89.9330      2.34743
      118.996      92.0618      120.104      89.0490      3.21008
      58.1121      92.9685      62.9219      91.9251      4.92167
      245.029      92.9661      246.012      92.1390      1.28466
      130.913      94.1399      134.024      92.1243      3.70689
      145.999      95.8533      148.986      94.9173      3.13022
      159.144      96.0708      161.020      95.0672      2.12758
      72.8832      96.8707      75.9244      93.1876      4.77641
      22.0923      98.8324      24.9795      96.9182      3.46411
      85.0485      98.9403      87.9684      95.1189      4.80926
      173.956      99.1401      175.064      98.0499      1.55442
      98.0219      99.9834      101.924      97.9435      4.40314
      198.030      99.9522      199.935      96.9442      3.56049
      212.003      100.012      212.982      96.1068      4.02605
      36.9534      101.013      39.9220      101.762      3.06163
      185.957      101.046      186.948      99.0873      2.19512
      225.014      101.068      228.039      99.8747      3.25185
      112.954      102.144      115.004      100.014      2.95624
      49.9906      103.044      51.0656      102.013      1.48949
      62.0248      104.101      66.9600      102.148      5.30758
      125.054      103.946      127.926      102.884      3.06206
      138.012      104.002      140.992      104.048      2.98037
      237.034      103.890      240.960      102.023      4.34732
      13.0476      105.972      17.0626      105.934      4.01518
      151.983      105.949      154.921      105.160      3.04210
      74.0181      106.937      78.9818      103.989      5.77313
      89.9532      108.135      94.9230      108.937      5.03409
      164.041      107.954      167.901      108.001      3.86029
      27.9996      108.979      31.9513      110.874      4.38258
      176.020      109.960      179.958      110.109      3.94081
      202.921      110.936      206.039      109.025      3.65702
      214.082      111.007      218.957      110.905      4.87607
      104.037      112.056      106.095      111.095      2.27132
      189.054      112.006      193.996      109.970      5.34497
      228.091      112.135      232.976      112.916      4.94703
      40.9353      113.113      43.9792      112.050      3.22417
      130.004      114.084      133.911      113.026      4.04771
      240.074      114.139      243.985      113.880      3.91956
      117.944      114.994      121.870      113.839      4.09238
      142.006      115.051      145.083      114.155      3.20480
      54.0158      115.929      57.0372      113.105      4.13568
      67.0690      116.052      70.0360      114.901      3.18244
      80.9496      116.833      85.9228      117.966      5.10063
      155.947      117.005      158.078      118.991      2.91296
      19.9145      118.948      22.0814      120.799      2.84986
      168.002      119.137      169.973      119.189      1.97169
      96.0421      121.006      99.0627      121.887      3.14646
      30.1813      121.971      35.9423      121.900      5.76144
      182.023      121.982      186.991      121.071      5.05084
      196.978      121.836      199.948      121.114      3.05650
      208.915      122.994      211.932      121.092      3.56651
      219.947      123.030      223.995      122.124      4.14814
      108.951      124.085      111.922      122.117      3.56369
      233.951      124.176      237.024      124.819      3.13955
      44.9629      125.147      49.8744      124.097      5.02249
      73.0023      126.158      75.0694      126.040      2.07047
      123.058      126.010      127.025      123.991      4.45123
      135.097      126.131      138.962      124.975      4.03418
      246.990      125.946      250.088      126.892      3.23921
      11.0800      127.089      14.9421      129.071      4.34098
      61.0515      126.979      62.9664      125.034      2.72945
      86.9918      127.145      89.9055      126.847      2.92890
      148.040      128.969      151.057      128.913      3.01753
      24.0468      131.132      28.0078      131.043      3.96200
      160.050      130.970      165.944      132.037      5.98980
      200.020      132.166      201.995      132.924      2.11545
      49.1629      132.959      53.0482      134.057      4.03747
      101.052      132.920      105.068      131.275      4.33985
      173.945      132.949      178.012      131.991      4.17830
      187.109      133.157      189.929      133.969      2.93458
      36.1209      133.942      39.9753      133.141      3.93675
      116.060      133.883      119.123      132.143      3.52272
      212.869      134.015      215.001      132.873      2.41859
      223.975      134.120      227.998      133.865      4.03107
      127.275      136.008      132.061      136.145      4.78796
      238.050      136.057      241.109      137.064      3.22047
      77.9389      138.965      80.0707      137.989      2.34460
      51.1308      139.977      53.0482      134.057      6.22276
      93.0267      140.061      96.0976      138.045      3.67351
      141.006      140.150      143.082      138.054      2.95008
      15.0311      141.034      17.9421      139.031      3.53354
      65.0219      141.062      67.9763      136.983      5.03654
      153.009      142.164      156.989      142.074      3.98101
      27.9762      143.117      32.9127      144.002      5.01520
      107.090      142.871      109.097      141.156      2.63994
      165.984      143.956      169.921      142.925      4.06977
      43.8856      146.007      45.9375      145.985      2.05202
      178.047      145.868      181.067      145.054      3.12778
      205.148      145.913      207.032      144.034      2.66085
      217.926      146.918      220.063      143.214      4.27626
      56.1335      147.873      59.0275      147.858      2.89404
      121.972      148.044      123.937      146.136      2.73892
      192.950      147.899      195.062      144.042      4.39738
      230.935      147.932      233.089      146.083      2.83877
      243.977      148.127      246.956      148.135      2.97900
      134.028      149.150      135.119      147.080      2.33991
      71.0909      149.832      73.0949      147.989      2.72263
      83.9972      149.980      87.9635      148.066      4.40397
      21.0451      152.138      24.0489      150.064      3.65025
      97.1253      151.962      100.933      149.969      4.29775
      147.947      153.922      148.022      152.108      1.81554
      33.9496      154.954      38.9896      154.980      5.04007
      111.966      155.056      114.895      155.977      3.07038
      159.914      155.927      161.949      154.936      2.26347
      172.078      155.996      174.967      154.989      3.05947
      184.026      155.944      187.967      155.142      4.02177
      210.121      155.977      214.947      155.001      4.92371
      223.967      156.188      227.061      156.889      3.17243
      47.9633      157.102      51.9836      157.247      4.02292
      198.876      157.028      201.968      155.111      3.63804
      62.1137      158.040      65.1095      157.988      2.99625
      236.144      158.051      240.082      158.900      4.02848
      76.9853      158.996      79.9125      160.049      3.11084
      125.008      159.089      127.019      159.003      2.01283
      88.9523      160.168      92.0153      160.107      3.06360
      15.1054      162.037      18.9438      164.977      4.83497
      137.048      162.118      140.035      162.952      3.10125
      102.961      163.063      106.968      164.050      4.12677
      26.9654      163.859      31.0039      163.120      4.10556
      38.1083      165.052      43.9739      165.069      5.86563
      215.991      165.048      217.995      167.110      2.87538
      114.973      165.963      118.967      167.994      4.48074
      149.094      165.913      152.975      164.968      3.99440
      176.145      166.184      178.995      167.060      2.98158
      53.9739      166.983      56.0340      167.078      2.06229
      164.925      167.069      166.977      164.988      2.92254
      190.047      167.929      193.051      168.102      3.00898
      228.950      168.102      231.025      168.153      2.07562
      67.9799      169.893      69.0707      170.821      1.43214
      127.917      171.076      131.047      171.043      3.13017
      203.986      170.869      205.084      168.846      2.30178
      242.974      170.910      245.967      171.858      3.13954
      80.1504      172.045      84.9743      171.962      4.82461
      18.0751      172.921      22.9239      174.189      5.01185
      31.0442      174.012      34.9812      173.983      3.93711
      139.967      173.948      142.961      173.821      2.99670
      44.0685      175.096      47.0274      175.232      2.96202
      93.9377      175.061      98.9209      173.018      5.38573
      106.915      175.922      109.990      174.987      3.21400
      221.039      177.084      223.068      178.939      2.74915
      235.087      179.146      236.066      181.014      2.10900
      59.9435      179.885      61.9787      180.230      2.06423
      156.089      179.920      158.041      180.067      1.95752
      182.110      180.060      185.022      179.908      2.91597
      196.983      180.047      198.086      180.079      1.10346
      118.967      180.893      121.030      180.109      2.20695
      169.999      180.921      171.932      179.975      2.15208
      209.973      181.025      210.990      180.784      1.04516
      10.9779      181.835      12.0046      180.868      1.41040
      73.0780      181.979      75.9458      180.132      3.41111
      131.144      181.972      134.131      182.129      2.99112
      26.0864      183.143      30.1542      182.012      4.22211
      145.140      185.104      145.943      182.264      2.95133
      248.060      184.980      248.956      182.200      2.92082
      40.0532      186.958      42.9687      188.904      3.50530
      53.0382      187.069      55.9738      189.960      4.12015
      85.9423      187.110      90.0870      190.136      5.13178
      98.1052      187.131      103.005      189.032      5.25564
      16.9585      190.175      19.0263      190.220      2.06829
      109.965      190.178      113.976      190.843      4.06576
      188.884      190.936      190.029      190.966      1.14540
      65.1488      191.983      67.9648      189.848      3.53384
      161.993      191.928      163.959      190.242      2.58993
      175.900      192.071      176.970      189.927      2.39617
      214.100      193.013      215.943      190.899      2.80457
      227.923      192.891      228.121      191.105      1.79695
      136.029      194.044      137.984      191.969      2.85090
      201.080      193.995      202.111      193.865      1.03915
      240.039      193.924      241.987      194.950      2.20168
      30.0785      194.890      34.0878      196.898      4.48403
      77.0639      195.088      78.9365      191.163      4.34882
      123.109      195.004      127.047      191.961      4.97671
      149.986      195.914      152.029      191.017      5.30609
      90.9195      196.998      92.9711      198.017      2.29072
      55.0637      198.151      58.1392      198.796      3.14241
      44.0195      198.968      46.9951      197.888      3.16553
      20.9149      201.162      22.1355      201.998      1.47945
      102.050      202.942      103.953      200.949      2.75562
      181.063      203.104      182.886      200.216      3.41524
      69.8762      203.964      70.1993      201.921      2.06839
      167.954      204.024      170.011      204.774      2.18947
      220.058      203.897      221.985      202.923      2.15917
      231.052      204.108      233.037      204.125      1.98507
      83.0752      205.146      82.9368      204.125      1.03033
      115.048      204.971      116.071      204.855      1.02956
      129.988      205.061      132.094      205.963      2.29102
      155.945      205.159      158.962      205.837      3.09224
      194.072      204.897      196.003      205.110      1.94271
      206.117      204.865      207.020      204.050      1.21640
      243.945      204.901      244.069      206.885      1.98786
      142.067      206.063      144.936      205.906      2.87330
      34.0588      206.860      36.9700      205.810      3.09477
      59.0906      208.186      61.9941      208.885      2.98645
      47.1322      209.998      49.0450      208.134      2.67082
      93.9834      212.922      93.0812      212.018      1.27717
      13.8916      213.992      15.7971      212.943      2.17517
      106.088      214.085      107.941      213.919      1.86043
      120.984      213.991      122.049      214.074      1.06823
      174.015      214.907      175.004      214.918     0.989060
      185.916      214.941      187.061      214.062      1.44349
      26.0154      216.041      27.1154      214.092      2.23799
      160.020      216.184      161.934      215.828      1.94683
      197.127      216.024      199.060      215.927      1.93543
      223.891      215.933      225.098      214.128      2.17137
      234.994      216.148      237.074      216.931      2.22250
      74.0849      216.757      77.9498      215.954      3.94744
      135.942      217.025      137.152      215.837      1.69570
      211.073      216.872      212.952      214.977      2.66864
      247.069      217.103      250.016      218.036      3.09117
      149.036      217.980      150.937      215.950      2.78113
      63.0770      219.067      67.0880      218.071      4.13281
      40.9103      219.992      41.0812      218.001      1.99832
      53.0293      219.985      55.9143      219.019      3.04243
      84.9931      220.995      88.0771      221.222      3.09234
      98.9628      223.092      100.969      224.011      2.20668
      125.074      224.149      128.910      223.801      3.85176
      138.971      224.011      140.929      223.044      2.18378
      112.068      224.964      113.966      223.985      2.13562
      18.9632      225.893      20.9414      225.086      2.13648
      166.074      226.072      166.926      227.077      1.31753
      218.973      226.273      216.899      227.136      2.24639
      73.1073      227.098      76.0783      228.071      3.12627
      178.898      226.877      179.963      225.975      1.39564
      191.107      227.028      192.043      226.028      1.36971
      204.097      227.086      204.139      227.939     0.854031
      30.9882      228.075      33.0043      227.943      2.02042
      153.183      227.938      154.971      226.920      2.05749
      240.930      227.995      240.103      228.999      1.30074
      228.874      229.989      228.919      228.038      1.95152
      44.9587      230.964      46.1356      229.157      2.15647
      58.0934      230.949      63.9417      228.925      6.18864
      210.932      233.949      211.012      237.014      3.06605
      104.923      235.050      108.019      236.108      3.27179
      79.9784      236.108      80.9594      238.059      2.18375
      92.0825      237.031      94.0029      237.776      2.05985
      117.149      237.033      120.957      235.103      4.26917
      158.027      237.146      158.980      238.142      1.37849
      21.1486      237.977      24.9529      236.128      4.22983
      131.892      238.050      134.034      235.017      3.71312
      144.917      237.949      146.132      238.030      1.21769
      169.889      237.967      171.906      237.924      2.01746
      182.930      237.962      184.007      238.099      1.08569
      50.9613      239.162      53.9559      236.823      3.79981
      34.9829      239.852      38.9747      238.118      4.35216
      65.9879      239.933      67.0863      238.849      1.54323
      195.893      239.989      196.942      240.984      1.44582
      220.124      240.102      222.004      238.866      2.24992
      208.881      241.006      211.012      237.014      4.52517
      244.952      240.983      244.042      242.023      1.38191
      233.940      243.077      232.973      239.023      4.16773
      12.0388      246.897      15.0595      246.037      3.14074
      86.9839      247.227      87.9737      247.193     0.990384
      199.070      246.981      201.999      250.032      4.22936
      47.9878      248.101      50.0066      247.082      2.26139
      99.0827      248.116      102.012      247.117      3.09496
      24.1015      248.791      26.0647      247.035      2.63395
      36.9047      248.976      37.9241      251.864      3.06263
      111.969      248.962      114.033      247.049      2.81419
      124.063      249.100      126.965      248.910      2.90821
      138.038      249.089      140.091      248.165      2.25136
      150.917      250.032      152.868      251.963      2.74502
      188.125      250.051      188.980      251.013      1.28704
      213.909      250.101      214.027      250.841     0.749354
      60.8802      250.993      61.0494      248.160      2.83804
      163.053      250.954      163.085      251.969      1.01550
      176.998      251.002      176.077      253.061      2.25561
      73.0420      251.843      74.0178      248.081      3.88650
      226.955      252.977      227.952      252.916     0.998859
      238.099      254.103      239.080      253.086      1.41303
      16.9271      259.070      18.9291      259.963      2.19214
      28.9749      260.051      30.8493      260.893      2.05484
      43.0453      260.143      42.1146      261.153      1.37343
      89.0650      260.062      94.0936      262.843      5.74635
      103.093      260.055      105.936      261.754      3.31198
      118.009      260.005      119.040      260.840      1.32671
      53.9581      261.115      54.9240      260.058      1.43184
      78.0280      260.908      82.0363      260.936      4.00840
      156.930      261.141      158.016      262.985      2.14003
      167.985      261.115      169.898      262.053      2.13059
      66.0738      262.001      68.0657      261.891      1.99493
      179.903      261.972      182.979      262.955      3.22926
      204.055      262.050      205.031      261.138      1.33579
      215.107      262.059      216.015      262.143     0.911883
      130.021      263.081      131.929      260.992      2.82920
      142.982      262.994      144.984      262.084      2.19910
      192.017      263.132      194.159      262.128      2.36562
      243.013      265.126      242.925      264.142     0.987936
      230.038      265.934      230.057      263.162      2.77207
      11.0463      269.979      11.9280      270.124     0.893542
      34.0634      271.031      35.9598      271.983      2.12194
      96.0653      270.897      101.096      272.204      5.19771
      23.9362      271.828      24.9605      273.889      2.30151
      46.9621      271.925      49.0364      271.042      2.25442
      84.0234      271.938      88.9935      272.945      5.07109
      110.000      271.970      113.955      271.145      4.04013
      123.060      272.001      126.957      271.042      4.01327
      150.051      273.024      151.069      272.146      1.34432
      162.055      273.095      165.078      274.184      3.21317
      173.058      273.068      175.118      272.058      2.29426
      73.9029      273.994      75.9395      272.097      2.78323
      136.966      273.942      139.923      271.915      3.58504
      184.080      274.113      187.041      275.986      3.50365
      221.023      274.069      222.954      272.243      2.65763
      59.0012      274.979      61.0143      272.110      3.50483
      209.935      275.136      210.040      272.009      3.12875
      196.981      276.044      198.892      273.131      3.48388
      248.955      275.948      250.011      277.067      1.53859
      234.963      277.888      237.009      278.877      2.27251
      15.9783      281.952      17.9919      283.097      2.31637
      90.9849      282.008      94.9884      283.908      4.43148
      27.1468      282.962      30.0032      284.010      3.04259
      39.0233      283.083      42.9519      283.954      4.02400
      117.024      283.977      120.977      284.043      3.95355
      131.087      284.179      135.907      286.006      5.15464
      174.019      283.971      175.946      285.092      2.22935
      53.0107      285.028      55.1044      284.995      2.09396
      79.0223      285.034      83.0045      284.120      4.08575
      146.955      285.032      149.070      286.856      2.79287
      159.953      284.939      162.906      285.964      3.12583
      224.971      285.078      226.926      285.820      2.09108
      66.0966      285.849      70.9751      284.130      5.17249
      104.953      285.950      108.035      284.802      3.28887
      213.052      286.160      215.024      286.046      1.97529
      188.934      287.047      190.003      288.117      1.51251
      201.961      286.995      202.947      286.980     0.986122
      242.926      288.991      245.003      288.924      2.07809
      19.1256      294.018      23.0957      293.893      3.97207
      180.904      294.080      181.004      296.957      2.87875
      46.0466      294.990      48.9306      297.000      3.51534
      60.0798      295.135      62.0576      297.086      2.77814
      88.1211      295.001      89.9898      295.067      1.86986
      167.019      294.987      167.963      297.879      3.04217
      232.173      295.008      234.953      293.988      2.96121
      32.0273      296.005      35.9455      295.948      3.91861
      101.029      296.172      102.905      295.048      2.18695
      73.1029      296.871      76.0898      296.926      2.98741
      114.050      296.848      114.072      294.083      2.76507
      126.131      297.064      126.935      295.051      2.16762
      154.981      297.073      156.949      298.825      2.63488
      140.114      297.856      142.056      297.092      2.08687
      196.945      298.141      195.996      299.069      1.32733
      219.005      298.045      221.032      296.876      2.33993
      194.014      298.993      195.996      299.069      1.98345
      208.948      300.848      209.045      298.110      2.73972
      12.0806      303.185      15.9403      303.119      3.86026
      187.034      304.097      189.008      305.860      2.64667
      241.922      304.007      241.953      304.967     0.960523
      24.0873      305.152      26.1729      306.937      2.74517
      39.0994      305.104      40.9687      308.113      3.54237
      229.127      305.863      231.012      304.092      2.58643
      53.1239      306.980      55.0269      305.972      2.15349
      81.9657      306.917      83.0103      306.783      1.05316
      109.089      307.054      110.061      306.080      1.37603
      120.938      307.077      122.066      306.983      1.13191
      161.037      306.919      162.095      308.161      1.63154
      172.955      307.107      175.094      308.997      2.85437
      69.0112      307.914      70.9034      307.120      2.05204
      134.927      307.887      135.017      307.193     0.699811
      147.004      307.990      147.934      307.964     0.930371
      95.1467      308.961      96.0777      307.113      2.06926
      215.999      309.898      217.067      309.018      1.38385
      203.060      310.915      203.141      310.938    0.0842052
      249.015      312.994      249.996      313.134     0.990944
      190.973      315.064      194.038      316.028      3.21302
      32.9971      316.089      33.1131      317.080     0.997763
      236.973      315.954      239.914      316.923      3.09651
      19.0778      316.975      19.9903      317.897      1.29720
      224.956      316.982      227.874      318.018      3.09646
      61.1072      318.170      63.0321      319.999      2.65526
      76.0557      318.043      76.9784      316.954      1.42733
      88.0216      317.987      88.0568      316.989     0.998607
      127.934      317.993      130.030      318.135      2.10081
      154.008      318.168      155.922      321.047      3.45717
      178.152      317.874      182.903      320.039      5.22105
      46.1141      318.916      49.0259      319.980      3.10012
      102.085      319.001      104.111      317.086      2.78782
      115.936      319.072      117.093      317.149      2.24424
      140.966      319.004      142.945      318.116      2.16910
      166.924      318.926      170.078      321.081      3.81992
      211.968      321.129      213.033      323.017      2.16767
      200.916      324.958      203.071      326.979      2.95439
      30.1550      326.980      33.1200      328.989      3.58152
      246.078      326.944      248.897      327.030      2.82031
      41.1218      328.149      45.0151      329.920      4.27719
      19.0278      328.883      22.1781      329.809      3.28357
      109.916      329.104      108.900      331.845      2.92324
      133.126      328.907      135.075      330.876      2.77047
      148.072      329.064      148.984      330.068      1.35637
      121.937      329.977      120.089      331.130      2.17820
      187.003      329.975      191.032      329.990      4.02902
      232.920      330.019      233.998      330.992      1.45217
      55.8540      330.886      57.9615      330.118      2.24306
      68.1031      331.050      70.1382      330.109      2.24211
      83.0661      331.065      83.9483      328.125      3.06951
      95.9824      331.826      97.0439      330.062      2.05874
      162.900      331.965      163.996      331.870      1.10012
      174.981      331.821      178.067      330.939      3.20957
      220.943      333.015      222.992      331.001      2.87309
      209.005      335.835      211.967      336.003      2.96675
      242.991      337.162      244.077      339.948      2.99019
      24.0250      338.934      26.9436      339.024      2.91999
      196.101      338.997      199.048      339.093      2.94857
      141.937      340.046      144.806      339.839      2.87646
      12.0531      340.971      14.0586      337.945      3.63025
      74.9532      341.069      77.1474      339.927      2.47359
      48.1014      341.958      50.8900      344.055      3.48907
      60.0451      342.007      64.0332      341.002      4.11278
      88.9723      341.868      90.1112      341.047      1.40398
      103.104      341.903      106.029      342.915      3.09512
      116.911      341.840      118.080      342.012      1.18158
      129.056      341.958      130.148      340.112      2.14481
      156.920      341.976      156.011      340.913      1.39867
      171.001      342.151      172.952      342.044      1.95392
      184.022      341.918      185.926      341.121      2.06407
      37.0521      342.742      39.1092      343.799      2.31277
      230.088      343.962      231.971      342.937      2.14389
      218.901      345.127      219.024      345.845     0.728447
      206.962      345.945      205.061      349.083      3.66890
      29.9019      350.026      30.8445      350.037     0.942664
      95.9998      350.165      96.1082      350.146     0.110053
      19.0760      350.862      19.1145      351.079     0.220399
      67.0345      351.129      70.9811      350.975      3.94960
      82.0009      351.069      83.9371      351.947      2.12597
      110.175      351.070      112.876      354.859      4.65316
      147.110      351.056      149.041      351.207      1.93689
      191.947      351.027      192.954      352.998      2.21332
      122.942      352.109      124.063      353.111      1.50353
      162.986      351.991      164.030      351.993      1.04401
      239.053      352.124      241.102      352.079      2.04950
      42.9732      352.976      43.0401      354.182      1.20785
      53.0238      353.126      55.0520      354.000      2.20850
      135.054      353.036      136.995      351.067      2.76487
      178.979      353.112      180.880      353.009      1.90379
      226.054      355.944      228.932      355.062      3.01012
      165.969      356.998      167.991      357.951      2.23533
      212.133      357.050      215.942      356.993      3.80943
      30.9274      359.069      30.9925      360.027     0.960217
      99.0605      358.845      101.004      361.050      2.93924
      201.043      359.082      203.969      360.007      3.06872
      87.9995      360.084      89.9801      362.113      2.83542
      16.0673      360.835      16.9231      361.070     0.887482
      153.951      362.078      155.897      361.149      2.15638
      116.137      364.006      119.157      365.141      3.22623
      142.107      363.951      143.948      364.969      2.10372
      236.066      364.010      236.958      365.031      1.35576
      60.9769      364.824      64.8889      363.944      4.00976
      74.9643      364.919      76.0729      363.973      1.45737
      128.078      364.967      130.976      364.935      2.89817
      50.8920      366.019      51.9473      367.024      1.45727
      176.083      366.106      177.022      367.871      1.99925
      191.987      366.904      192.012      366.109     0.795376
      38.9961      368.129      40.9363      370.848      3.34025
      209.901      368.169      209.012      370.040      2.07147
      222.075      368.158      222.979      366.971      1.49203
      106.039      369.094      108.091      370.931      2.75414
      163.947      369.055      164.039      370.047     0.996261
      25.0643      370.028      25.9591      371.966      2.13459
      12.1174      372.144      14.0162      372.985      2.07670
      95.0330      372.112      96.1027      373.864      2.05276
      82.0075      374.101      83.9473      374.078      1.93994
      246.010      374.023      246.901      374.140     0.898656
      69.0015      374.939      70.9740      376.022      2.25025
      137.066      374.997      140.027      375.895      3.09417
      150.110      375.028      152.840      374.079      2.89024
      196.938      374.834      197.927      374.969     0.998167
      232.963      375.851      232.968      376.989      1.13801
      56.9906      377.063      58.0128      378.949      2.14522
      125.042      377.120      126.986      377.951      2.11416
      183.911      376.911      184.989      376.908      1.07801
      112.993      378.952      116.947      380.007      4.09233
      218.028      379.077      218.065      378.147     0.930728
      44.9281      380.027      47.8618      379.098      3.07728
      171.932      379.989      172.965      380.049      1.03473
      33.1130      381.057      31.9652      382.835      2.11629
      20.9014      382.987      20.0880      382.930     0.815395
      205.087      382.962      205.938      383.202     0.884190
      102.127      384.057      102.095      384.999     0.942529
      159.051      384.814      159.036      382.990      1.82407
      192.917      385.177      192.984      384.956     0.230937
      239.031      386.082      241.003      387.116      2.22664
      77.9632      387.021      77.0872      388.998      2.16238
      90.9369      387.005      90.0771      386.003      1.32033
      146.952      386.936      147.011      387.048     0.126592
      226.912      387.152      228.937      389.040      2.76860
      65.9048      388.022      64.9501      388.095     0.957483
      180.826      388.949      180.030      391.013      2.21217
      133.947      389.970      133.018      388.831      1.46982
      53.0307      391.914      52.0163      390.077      2.09848
      119.112      391.977      121.071      390.023      2.76690
      40.0690      392.957      41.1589      391.059      2.18868
      214.054      392.968      217.090      390.091      4.18262
      28.9148      393.984      29.9240      393.107      1.33703
      169.067      393.979      167.982      393.920      1.08661
      109.000      395.015      109.119      394.819     0.229311
      199.981      394.960      201.933      395.069      1.95504
      247.089      395.153      251.855      397.018      5.11790
      157.082      395.808      154.943      397.111      2.50462
      15.0194      397.009      15.9860      397.838      1.27341
      95.1290      396.791      97.0137      397.948      2.21151
      83.0920      397.997      85.0465      400.087      2.86149
      144.916      398.064      143.864      398.167      1.05703
      186.978      398.031      190.079      399.857      3.59867
      234.017      398.001      239.005      399.884      5.33159
      69.8772      399.992      71.9224      400.873      2.22688
      58.9113      403.187      60.0853      402.886      1.21198
      221.926      403.198      224.106      401.865      2.55526
      46.0015      403.905      48.0301      404.146      2.04287
      119.009      403.877      118.985      404.847     0.970268
      131.113      403.910      131.937      400.997      3.02729
      177.099      403.773      176.954      403.042     0.745261
      33.9368      404.905      36.0231      404.139      2.22248
      105.073      405.061      106.921      405.175      1.85151
      210.929      405.190      212.039      403.115      2.35325
      91.9668      406.311      93.1041      410.163      4.01638
      164.945      406.009      163.990      407.958      2.17040
      245.945      405.993      245.041      410.148      4.25220
      198.988      408.018      200.008      408.116      1.02469
      21.0763      408.925      23.9765      406.849      3.56664
      78.9876      409.796      80.0211      411.920      2.36212
      151.909      409.854      150.114      408.922      2.02254
      67.1379      411.828      68.0395      413.009      1.48581
      139.915      411.790      138.938      412.060      1.01361
      185.045      412.091      187.861      410.936      3.04366
      233.933      411.922      231.068      411.913      2.86502
      54.9712      413.935      54.9552      414.048     0.114133
      219.043      413.984      218.022      413.949      1.02160
      114.041      415.043      113.123      416.043      1.35747
      126.934      415.154      125.127      414.156      2.06427
      174.869      414.893      174.058      414.988     0.816550
      42.1042      416.910      42.9469      415.228      1.88130
      207.043      417.081      206.138      418.103      1.36511
      29.9773      417.843      30.9830      416.160      1.96058
      87.1233      419.119      88.1388      420.159      1.45357
      101.950      418.902      101.033      419.060     0.930510
      161.003      418.943      159.000      420.109      2.31768
      195.110      418.941      194.023      420.982      2.31240
      148.020      419.957      147.126      422.069      2.29342
      18.0826      421.077      18.9549      421.868      1.17755
      74.9417      421.026      76.9194      424.116      3.66870
      241.044      421.936      241.110      422.088     0.165716
      62.9963      424.034      64.0842      424.054      1.08808
      135.087      424.012      135.908      424.114     0.827314
      182.037      424.076      181.039      424.065     0.998062
      229.036      425.053      228.917      424.124     0.936605
      49.9277      427.066      51.9075      426.854      1.99112
      111.063      426.975      110.939      428.127      1.15866
      123.047      426.906      122.968      427.044     0.159010
      169.047      426.975      169.085      426.044     0.931775
      216.973      427.174      216.993      428.136     0.962183
      35.9669      427.938      39.0139      427.980      3.04729
      202.083      428.066      202.984      431.003      3.07208
      24.1129      429.118      26.9928      430.089      3.03918
      155.098      428.967      155.117      431.009      2.04208
      248.984      431.934      248.962      432.082     0.149635
      85.9174      432.952      85.8638      431.987     0.966484
      143.842      432.979      143.028      433.840      1.18486
      11.9832      434.156      14.0067      433.003      2.32895
      98.0160      433.847      97.9439      432.145      1.70352
      72.9567      434.894      73.9544      435.026      1.00639
      190.024      435.126      190.993      433.920      1.54705
      58.9644      435.938      60.0667      435.947      1.10234
      234.054      436.140      237.021      434.122      3.58823
      131.004      436.950      129.964      438.004      1.48070
      163.918      437.147      164.117      439.057      1.92034
      177.068      437.141      177.072      436.957     0.184034
      222.932      437.063      224.142      439.987      3.16448
      117.954      437.904      118.024      439.961      2.05820
      45.9837      439.036      48.0627      439.042      2.07901
      210.000      438.962      211.914      441.926      3.52826
      33.0646      441.047      35.9370      440.066      3.03529
      105.134      442.020      105.059      442.082    0.0973198
      152.067      442.932      151.942      443.050     0.171885
      21.0417      443.902      22.9149      442.081      2.61246
      80.1018      444.171      80.0279      444.999     0.831294
      93.0010      444.116      92.0824      443.257      1.25767
      197.895      443.859      197.921      443.917    0.0635462
      245.997      444.004      245.951      445.975      1.97154
      64.9142      444.933      66.0306      447.061      2.40306
      138.036      444.919      137.038      443.979      1.37099
      125.072      448.000      126.098      449.937      2.19196
      184.949      447.865      185.034      446.850      1.01854
      52.9474      448.897      53.0628      450.038      1.14681
      220.042      448.965      221.127      451.952      3.17795
      233.062      448.957      233.956      448.085      1.24885
      172.043      449.852      173.009      448.986      1.29735
      206.939      450.119      207.958      453.001      3.05686
      99.9077      451.091      101.078      454.092      3.22113
      112.916      450.986      113.856      450.185      1.23499
      145.952      451.081      145.003      454.077      3.14271
      159.113      450.915      160.059      452.176      1.57639
      39.8610      452.088      40.0207      453.051     0.976134
      194.057      455.837      194.920      456.035     0.885414
      20.0079      456.879      19.0140      455.009      2.11772
      29.0106      456.686      30.9784      454.883      2.66891
      62.9813      457.099      64.9545      459.017      2.75177
      75.0736      457.032      76.0492      455.094      2.16973
      87.9287      457.109      88.9693      455.856      1.62877
      134.050      457.100      134.045      457.218     0.118087
      242.043      457.046      241.952      456.997     0.103348
      181.013      457.899      182.896      458.907      2.13583
      49.9688      458.886      50.0453      463.054      4.16870
      229.881      459.116      230.107      461.992      2.88487
      99.0208      460.156      96.9973      464.859      5.11984
      168.079      460.021      170.877      462.048      3.45508
      121.945      460.911      122.046      462.099      1.19227
      215.975      460.960      215.054      463.860      3.04273
      156.021      463.908      157.036      463.056      1.32518
      110.031      465.193      108.079      463.188      2.79827
      201.898      465.004      203.920      465.098      2.02419
      39.0016      466.160      39.0713      464.182      1.97922
      14.0349      467.107      15.0995      465.107      2.26569
      26.9652      467.209      27.8857      466.055      1.47617
      85.0016      467.187      84.9267      467.971     0.787567
      97.0467      466.689      96.9973      464.859      1.83065
      142.967      466.921      143.049      467.998      1.08011
      248.986      466.914      250.005      466.153      1.27180
      173.070      467.948      170.877      462.048      6.29438
      187.962      467.881      190.088      469.015      2.40952
      71.0557      468.967      71.9381      470.081      1.42112
      131.046      469.039      131.066      471.879      2.84007
      236.067      469.010      238.074      472.819      4.30540
      58.8911      470.068      59.1559      470.985     0.954459
      210.071      474.092      212.160      477.009      3.58787
      223.062      473.848      224.919      473.038      2.02598
      46.0454      474.948      46.9170      473.983      1.30035
      106.135      475.002      108.002      473.945      2.14545
      118.954      475.045      120.026      473.895      1.57218
      162.022      475.012      163.059      475.035      1.03726
      149.884      476.115      151.904      479.005      3.52599
      93.9928      477.076      95.8733      476.890      1.88967
      22.9841      478.041      22.0768      478.973      1.30070
      34.0806      478.176      34.0809      478.786     0.610016
      81.1097      478.134      83.9764      479.951      3.39402
      246.034      478.116      247.004      480.173      2.27424
      137.128      479.063      139.116      481.843      3.41768
      197.088      478.974      199.041      479.114      1.95802
      10.0648      480.894      10.0834      478.988      1.90610
      184.909      480.965      186.964      480.184      2.19841
      66.1350      481.922      67.0133      482.075     0.891525
      232.015      482.097      233.134      482.094      1.11901
      126.019      482.893      128.077      483.133      2.07194
      55.9040      483.972      55.1677      483.057      1.17444
      219.035      484.143      220.059      488.112      4.09896
      46.0394      485.102      42.0207      488.136      5.03538
      102.940      485.897      101.961      486.869      1.37957
      113.930      486.191      116.056      486.838      2.22227
      172.947      485.887      174.040      483.138      2.95831
      160.012      487.049      160.981      487.847      1.25529
      207.067      488.040      207.132      487.994    0.0796442
      242.032      489.958      241.001      490.979      1.45099
      31.0852      490.976      30.0993      489.851      1.49587
      44.8830      490.781      42.0207      488.136      3.89729
      148.068      491.074      149.047      489.163      2.14719
      19.9080      492.017      18.1347      491.079      2.00609
      78.0326      491.883      78.8793      491.894     0.846774
      90.0388      491.787      90.0958      490.094      1.69395
      135.121      492.121      135.039      492.025     0.126260
      183.038      492.253      182.104      491.190      1.41502
      193.988      491.857      194.133      489.975      1.88757
      229.004      491.896      228.976      495.909      4.01310
      54.0125      493.289      53.0895      496.049      2.91025
      65.9876      494.091      65.9689      494.130    0.0432526
      122.959      493.929      123.139      496.059      2.13760
      169.945      497.062      169.148      496.055      1.28426
      215.965      497.020      215.026      499.021      2.21037
      53.1506      499.113      53.0895      496.049      3.06460
      157.097      499.090      156.936      499.992     0.916263
      41.0062      499.706      39.0927      499.902      1.92351
      98.9478      500.080      99.0039      499.066      1.01553
      109.060      499.737      110.949      498.894      2.06856
      203.060      499.818      203.047      501.855      2.03706
      237.942      499.909      239.000      503.911      4.13950
      27.9582      501.356      27.9909      500.978     0.379402
      16.1167      501.998      16.9234      502.138     0.818762
      145.065      501.900      144.123      502.102     0.963415
