      62.0349      11.0497      62.0943      16.1206      5.07125
      75.4063      11.7316      75.2536      14.6632      2.93558
      127.957      10.9154      126.831      17.9738      7.14765
      141.576      10.1989      139.852      15.5607      5.63215
      175.448      10.8352      179.544      10.9103      4.09670
      188.293      11.0239      192.703      10.0168      4.52354
      200.213      10.1922      202.674      15.9898      6.29831
      219.724      11.9050      213.103      11.2005      6.65838
      11.9518      11.8980      16.4596      14.0816      5.00883
      30.2257      12.4554      31.2433      11.4748      1.41318
      48.8444      12.8060      54.3400      10.0000      6.17052
      163.995      13.0070      168.910      12.1053      4.99704
      86.9623      14.0065      89.8009      11.1040      4.05982
      101.669      14.3447      104.654      10.1686      5.13323
      113.848      13.6858      113.006      18.5240      4.91092
      150.111      15.4683      154.654      12.5418      5.40402
      210.889      15.7371      213.103      11.2005      5.04802
      242.416      15.7303      247.086      15.1373      4.70750
      41.6143      16.6618      38.6947      21.4338      5.59429
      73.0199      17.5195      75.2536      14.6632      3.62600
      137.154      18.4354      139.852      15.5607      3.94247
      229.876      18.1837      233.430      16.8629      3.79148
      57.8005      18.6568      62.0943      16.1206      4.98689
      197.546      19.7436      202.674      15.9898      6.35510
      18.9518      20.0736      16.4596      14.0816      6.48962
      181.508      21.4352      175.658      20.6743      5.89927
      125.515      21.8035      126.831      17.9738      4.04950
      170.755      23.2060      175.658      20.6743      5.51805
      158.401      25.5227      162.230      21.7319      5.38808
      217.961      25.3122      220.223      19.3238      6.40138
      11.1254      25.7643      12.0290      28.1503      2.55137
      96.6323      26.2884      94.1056      30.9088      5.26615
      110.779      26.4050      108.724      29.4200      3.64873
      30.6218      27.0368      24.7300      23.3658      6.94187
      82.7125      27.5719      84.9084      22.4493      5.57342
      248.855      27.2291      250.197      33.9430      6.84671
      46.1198      28.5186      47.1820      30.7928      2.51003
      145.393      27.5782      144.192      33.6889      6.22761
      238.228      28.8396      240.740      26.0006      3.79079
      67.8549      29.8843      71.0026      26.7890      4.41463
      204.258      29.6077      199.861      28.2962      4.58843
      55.8529      30.4829      58.9527      28.1907      3.85525
      132.383      31.4767      134.213      27.8727      4.04200
      191.212      31.0396      191.908      38.1019      7.09651
      106.590      32.8403      108.724      29.4200      4.03143
      118.371      32.4805      121.310      29.3167      4.31825
      178.158      32.9097      182.745      30.8563      5.02563
      225.791      33.3462      229.272      27.9161      6.45007
      17.8049      34.0177      21.4420      36.3224      4.30583
      165.737      35.3540      170.467      31.2122      6.28708
      38.5107      36.6709      33.9924      34.1914      5.15393
      91.5780      37.1691      94.1056      30.9088      6.75130
      212.765      36.4392      219.396      36.9945      6.65421
      153.214      38.0515      156.577      32.8560      6.18894
      76.1275      39.2665      80.7442      34.9299      6.33403
      247.062      39.1042      250.197      33.9430      6.03873
      139.915      40.2228      136.502      47.0846      7.66373
      61.9569      41.4183      67.4935      39.5395      5.84669
      200.092      41.6829      206.186      38.5665      6.84462
      27.2934      41.6731      30.1853      46.6619      5.76639
      236.502      41.8382      236.459      37.2272      4.61120
      100.543      43.3319      103.251      40.7264      3.75791
      186.137      43.5616      188.494      50.6428      7.46317
      51.3076      43.7760      55.0750      41.2895      4.51398
      112.673      44.8018      116.909      39.5466      6.74988
      125.501      44.0123      123.446      49.5259      5.88412
      172.779      46.4703      173.815      52.7088      6.32394
      14.7564      46.9584      16.4996      50.2767      3.74831
      38.5545      48.1611      38.8113      54.5313      6.37538
      84.3265      47.7080      90.1155      44.7563      6.49808
      149.057      48.4448      150.314      44.4252      4.21156
      160.053      48.2678      158.986      54.7999      6.61867
      222.543      47.4678      229.018      44.8796      6.97313
      71.0455      49.9190      65.1470      51.1885      6.03357
      209.866      49.6255      214.861      49.9187      5.00359
      244.626      50.2224      243.466      46.9743      3.44902
      196.713      50.5620      201.212      48.9302      4.78580
      135.694      51.9733      136.502      47.0846      4.95503
      22.8624      54.0567      24.5602      59.8117      6.00021
      59.0176      55.3823      65.1470      51.1885      7.42681
      108.291      54.6813      109.716      51.9861      3.04873
      121.628      55.7873      120.109      61.6203      6.02754
      233.081      55.8995      237.437      57.4588      4.62668
      94.6126      56.7035      98.3497      53.6632      4.81761
      182.222      57.5366      184.582      58.3792      2.50591
      47.2425      58.1290      47.5146      64.6753      6.55195
      33.0539      59.3465      38.8113      54.5313      7.50558
      155.417      59.1367      158.986      54.7999      5.61654
      168.478      58.8439      167.727      64.5303      5.73577
      217.203      59.3364      222.474      55.1946      6.70357
      11.9256      59.8941      12.9971      63.1846      3.46056
      79.9402      59.8514      79.6214      65.3368      5.49466
      205.228      60.2813      208.357      56.3385      5.03352
      143.091      61.0916      141.206      65.6827      4.96301
      128.930      62.3818      133.185      60.5490      4.63295
      193.226      63.0339      193.986      59.7712      3.35005
      66.3889      63.1810      59.6587      62.8304      6.73933
      114.824      64.7068      120.109      61.6203      6.12027
      238.470      65.6811      237.437      57.4588      8.28693
      20.7130      66.6230      22.1655      73.2683      6.80219
      54.4489      68.0079      59.6587      62.8304      7.34496
      102.121      66.5230      106.460      64.3625      4.84713
      89.1237      68.0891      93.7043      64.5727      5.77468
      225.805      67.6196      227.604      66.0722      2.37295
      39.8020      69.4825      33.0877      67.5109      6.99779
      163.400      69.2881      167.727      64.5303      6.43115
      176.608      68.6263      178.743      70.9215      3.13467
      10.4630      70.7509      11.3413      76.1099      5.43050
      74.8387      71.4709      79.6214      65.3368      7.77827
      151.729      70.5259      154.950      66.1650      5.42146
      213.773      70.7724      216.259      68.6762      3.25181
      200.944      71.7346      203.226      68.0833      4.30575
      28.9509      73.4449      22.1655      73.2683      6.78770
      61.1723      72.3645      57.1685      75.3408      4.98886
      136.194      72.7828      137.942      78.5920      6.06649
      122.799      73.9580      127.606      71.1844      5.54978
      245.083      74.4671      248.709      72.3573      4.19514
      186.411      74.7336      192.166      72.6617      6.11660
      48.5361      77.3987      42.3663      78.0629      6.20545
      108.587      77.5034      114.946      74.5323      7.01886
      234.177      77.8917      236.689      75.4743      3.48625
      16.4019      79.3810      18.4177      84.3904      5.39978
      95.9104      79.2733      101.301      76.4259      6.09641
      170.248      80.1720      172.581      84.6874      5.08249
      83.7306      80.4391      88.3552      76.2830      6.21773
      158.278      81.1090      159.693      87.6656      6.70755
      220.950      81.1732      224.765      81.1022      3.81566
      145.069      81.7114      151.109      77.1044      7.59645
      206.978      81.4229      210.394      81.5863      3.41991
      69.7806      82.8869      75.6947      82.6085      5.92065
      195.798      82.8712      196.662      81.4203      1.68867
      36.0350      83.5716      30.1338      81.2528      6.34043
      131.785      84.5912      131.452      91.8466      7.26304
      179.865      85.5257      184.791      83.6370      5.27566
      57.5033      85.7124      63.3836      86.5663      5.94197
      118.596      85.9611      124.249      83.9985      5.98400
      230.253      89.6995      232.120      88.8102      2.06797
      242.164      89.6145      244.312      86.0057      4.19968
      103.534      90.2504      110.907      87.9590      7.72086
      46.2844      92.4148      40.3782      91.0702      6.05732
      80.3008      92.0270      86.2116      89.2574      6.52750
      92.2682      92.3319      96.0733      88.0183      5.75204
      152.622      91.9503      155.289      98.3097      6.89600
      203.007      92.3510      203.935      92.7255      1.00071
      215.831      91.8872      218.535      91.3100      2.76493
      139.088      93.1843      145.402      89.4654      7.32781
      167.352      92.5324      166.579      97.7573      5.28177
      188.842      93.2012      192.600      94.0478      3.85219
      18.8707      93.9300      12.8980      96.1347      6.36662
      31.8337      95.5973      26.7606      95.0367      5.10398
      65.9855      96.9334      60.4245      96.7881      5.56289
      125.168      96.3999      118.899      95.0458      6.41357
      113.044      97.3117      118.899      95.0458      6.27817
      178.928      96.9162      179.144      94.2353      2.68959
      53.8836      100.125      47.2538      99.2873      6.68251
      237.051      99.5546      240.038      98.0336      3.35196
      100.531      100.992      104.151      98.8587      4.20183
      11.9612      102.378      12.8980      96.1347      6.31319
      40.5350      101.779      47.2538      99.2873      7.16595
      160.844      102.450      163.169      108.724      6.69095
      209.665      102.234      212.314      101.704      2.70150
      224.022      101.791      226.066      98.8237      3.60316
      86.4869      103.436      90.3339      99.9036      5.22276
      74.1912      103.594      74.1772      97.8995      5.69452
      134.122      103.976      126.219      104.645      7.93126
      147.826      103.501      149.244      110.164      6.81222
      196.211      104.193      198.834      105.325      2.85684
      22.2606      106.130      16.6174      107.886      5.91010
      121.359      107.364      126.219      104.645      5.56889
      183.530      107.285      187.630      106.720      4.13875
      247.189      106.960      248.788      104.056      3.31512
      170.063      108.326      175.782      106.997      5.87138
      47.4918      110.298      41.9129      110.814      5.60271
      219.673      109.880      223.249      111.412      3.89034
      232.579      110.214      235.850      109.271      3.40423
      61.9704      111.355      67.3770      108.263      6.22830
      108.858      111.962      113.230      107.409      6.31223
      33.9306      112.691      28.9867      111.726      5.03720
      95.7346      112.995      98.4617      112.018      2.89683
      12.3056      113.500      12.2179      109.170      4.33089
      154.576      113.670      149.244      110.164      6.38140
      206.157      114.481      208.643      115.346      2.63220
      81.1779      115.089      83.2829      109.652      5.83026
      119.031      114.071      121.412      116.858      3.66559
      130.842      115.312      135.973      112.632      5.78875
      141.923      114.634      135.973      112.632      6.27778
      70.6731      115.911      75.5896      117.423      5.14374
      192.801      115.982      194.801      119.479      4.02852
      241.886      117.235      244.963      118.360      3.27621
      177.766      118.172      182.891      119.315      5.25091
      22.2037      119.944      16.4789      119.480      5.74357
      228.225      119.679      231.743      120.263      3.56613
      163.073      120.984      156.586      120.636      6.49633
      54.0738      121.444      48.5022      121.841      5.58572
      216.555      122.377      217.815      123.836      1.92777
      42.7625      123.821      37.0979      122.836      5.74960
      101.853      124.178      101.459      124.008     0.429107
      150.034      124.439      145.427      121.845      5.28708
      11.0634      124.610      13.0931      130.548      6.27531
      31.2771      125.199      25.7081      125.054      5.57089
      90.9602      125.115      86.7398      123.884      4.39626
      200.133      125.139      205.041      128.134      5.74966
      76.4837      126.339      71.2213      131.415      7.31154
      124.732      126.000      131.306      122.697      7.35712
      138.374      126.045      131.306      122.697      7.82085
      185.373      126.293      191.341      129.484      6.76753
      248.191      126.830      252.673      129.940      5.45532
      111.934      128.106      116.531      127.849      4.60418
      64.1356      128.596      71.2213      131.415      7.62587
      172.854      129.349      178.766      129.581      5.91655
      18.3438      131.158      13.0931      130.548      5.28601
      234.948      131.068      239.264      130.365      4.37289
      222.662      132.760      226.289      132.578      3.63156
      51.9379      133.478      56.4334      131.108      5.08197
      160.653      133.668      153.566      132.958      7.12248
      209.201      133.861      214.224      135.718      5.35527
      28.6226      134.987      32.3037      137.374      4.38728
      41.3388      134.816      45.6857      134.602      4.35216
      99.4656      135.132      106.647      135.747      7.20769
      147.130      135.264      140.844      133.959      6.42004
      85.8411      136.203      81.0695      138.969      5.51533
      131.729      135.766      126.131      137.329      5.81211
      195.228      135.671      191.341      129.484      7.30670
      10.9902      136.977      12.5075      143.451      6.64943
      181.038      137.061      186.803      140.100      6.51696
      73.7446      137.515      71.2213      131.415      6.60130
      241.848      138.138      247.425      141.673      6.60296
      59.8339      140.102      65.2696      142.680      6.01605
      227.169      139.429      223.902      144.861      6.33876
      118.816      142.226      112.963      142.721      5.87390
      47.0314      144.371      41.5976      147.490      6.26533
      107.755      144.241      112.963      142.721      5.42528
      141.781      145.469      136.511      146.169      5.31629
      157.188      145.357      162.034      143.163      5.31952
      214.850      144.911      209.829      149.222      6.61780
      21.7548      145.793      19.5721      141.808      4.54361
      34.3393      145.472      41.5976      147.490      7.53361
      202.338      145.876      200.640      140.651      5.49399
      11.2048      146.942      12.5075      143.451      3.72614
      94.9975      146.781      88.2217      149.647      7.35699
      128.433      147.170      123.284      151.960      7.03253
      190.037      146.695      186.803      140.100      7.34526
      82.0728      148.443      88.2217      149.647      6.26567
      176.477      147.289      174.455      142.592      5.11374
      237.279      148.283      235.042      142.885      5.84317
      248.767      148.358      247.425      141.673      6.81837
      68.7904      149.512      75.1221      151.087      6.52466
      56.9459      153.059      62.6019      153.927      5.72221
      223.280      152.627      218.996      157.464      6.46137
      44.2203      155.115      41.5976      147.490      8.06345
      116.240      155.744      112.446      156.458      3.86060
      209.425      155.290      209.829      149.222      6.08143
      150.747      156.052      157.374      155.197      6.68193
      31.1224      157.608      28.6862      152.419      5.73243
      18.8975      157.882      16.4585      156.404      2.85188
      90.7883      158.560      97.8976      158.297      7.11416
      103.972      158.296      97.8976      158.297      6.07440
      137.647      157.484      141.959      155.745      4.64945
      197.691      157.692      195.529      151.931      6.15332
      184.374      158.652      182.819      154.080      4.82919
      242.921      159.400      244.193      154.535      5.02853
      126.179      159.762      131.332      159.753      5.15301
      77.8044      160.813      82.6573      164.330      5.99333
      170.601      159.848      169.693      154.847      5.08277
      65.1128      161.732      68.2998      164.644      4.31703
      232.268      161.546      231.551      154.504      7.07842
      49.8891      164.610      45.1966      169.509      6.78379
      113.461      164.545      108.990      168.414      5.91262
      217.600      164.695      215.102      169.146      5.10405
      154.757      165.479      152.327      167.097      2.91939
      203.704      166.105      200.954      171.322      5.89743
      36.2119      167.431      35.2974      173.705      6.34030
      97.5369      168.325      94.1266      170.460      4.02348
      141.780      168.439      140.737      169.381      1.40542
      84.9571      168.739      82.6573      164.330      4.97276
      191.874      169.415      186.486      173.371      6.68435
      21.3164      169.618      23.7221      175.082      5.97015
      57.7345      170.650      57.6268      168.303      2.34947
      70.9664      170.901      68.2998      164.644      6.80153
      167.425      171.386      164.709      166.757      5.36696
      180.942      170.986      186.486      173.371      6.03524
      237.958      171.149      240.157      166.101      5.50618
      127.852      171.816      127.108      173.284      1.64577
      224.979      173.373      228.537      168.275      6.21683
      44.6762      176.474      45.1966      169.509      6.98441
      107.040      175.620      108.990      168.414      7.46517
      212.353      175.682      209.699      181.531      6.42296
      153.555      176.777      147.903      181.291      7.23335
      202.309      176.843      200.954      171.322      5.68484
      11.4895      177.930      14.7919      182.304      5.48067
      32.6706      178.409      35.2974      173.705      5.38773
      93.4682      177.871      89.0044      183.214      6.96227
      80.4798      179.039      78.2724      176.005      3.75203
      21.7518      181.722      23.7221      175.082      6.92616
      67.1235      181.677      65.2022      176.154      5.84764
      138.193      181.104      136.594      181.751      1.72494
      188.092      181.076      186.486      173.371      7.87060
      247.187      181.258      246.792      174.035      7.23378
      116.149      182.849      114.337      179.081      4.18106
      53.9959      183.349      52.7173      181.074      2.60968
      161.907      182.792      161.182      178.316      4.53435
      174.994      182.684      180.954      186.668      7.16894
      234.559      183.275      236.071      180.283      3.35233
      129.085      184.898      123.808      186.719      5.58237
      221.560      185.354      222.581      180.311      5.14532
      102.326      187.728      101.814      182.045      5.70602
      147.937      186.896      147.903      181.291      5.60510
      209.045      187.164      209.699      181.531      5.67084
      198.320      187.691      196.305      184.176      4.05161
      88.7585      189.506      89.0044      183.214      6.29680
      10.7853      190.028      10.2424      192.177      2.21652
      40.0868      189.455      40.9545      194.034      4.66048
      75.9924      191.216      74.6793      187.130      4.29181
      135.650      191.385      131.653      194.874      5.30557
      183.008      191.920      180.954      186.668      5.63936
      244.980      192.020      243.648      189.710      2.66652
      29.4554      192.814      27.7033      187.478      5.61629
      121.504      191.799      123.808      186.719      5.57807
      169.503      192.876      168.521      188.542      4.44386
      61.8557      194.505      63.6833      188.986      5.81374
      108.870      194.994      110.943      190.157      5.26250
      156.959      195.252      157.760      191.022      4.30517
      50.1280      196.341      53.6940      197.302      3.69322
      233.030      195.794      229.547      190.220      6.57273
      18.8108      196.693      19.5781      196.223     0.899797
      219.487      198.059      215.688      192.946      6.36987
      96.1365      199.000      98.2719      192.532      6.81139
      194.099      199.176      190.801      196.730      4.10606
      206.288      198.674      202.840      195.912      4.41784
      144.159      199.577      143.480      192.402      7.20706
      39.1087      201.037      40.9545      194.034      7.24217
      83.0203      200.885      86.8452      195.886      6.29442
      130.336      202.162      128.368      207.561      5.74650
      166.593      202.215      165.297      200.227      2.37313
      180.047      202.567      176.775      197.638      5.91617
      70.0163      203.466      66.8501      202.814      3.23264
      117.981      203.662      119.186      199.078      4.73973
      239.733      206.182      237.814      202.393      4.24725
      56.7148      207.393      55.8018      209.875      2.64459
      104.743      207.723      103.873      203.725      4.09157
      153.903      207.756      152.784      200.536      7.30620
      19.1062      208.793      23.0255      208.048      3.98948
      139.760      209.265      139.936      206.126      3.14392
      226.268      209.096      230.291      214.303      6.58007
      32.7236      209.145      34.0550      211.211      2.45784
      45.9049      210.078      44.3244      207.518      3.00858
      91.8766      209.832      94.2140      206.649      3.94904
      199.632      210.400      197.568      208.094      3.09480
      213.256      209.650      211.070      204.634      5.47163
      188.996      210.574      185.381      208.176      4.33805
      173.042      211.864      175.362      208.351      4.20993
      78.5941      213.627      82.3851      208.646      6.25956
      125.312      213.688      128.368      207.561      6.84684
      65.9708      217.022      69.0266      215.296      3.50956
      162.991      216.714      161.178      212.112      4.94625
      248.787      216.443      243.443      214.047      5.85655
      110.833      218.176      110.422      223.700      5.53927
      234.268      218.728      230.291      214.303      5.94956
      147.975      218.816      147.975      214.989      3.82700
      17.9897      220.329      22.9476      221.686      5.14026
      98.6422      220.544      100.017      226.822      6.42677
      221.323      219.964      220.098      216.430      3.74030
      29.1000      221.235      22.9476      221.686      6.16891
      135.149      220.411      134.694      219.638     0.896966
      196.288      221.083      193.326      218.066      4.22796
      208.743      220.654      207.485      216.005      4.81620
      43.0216      222.177      47.6125      220.988      4.74237
      182.456      221.661      179.017      220.443      3.64832
      75.4548      223.538      81.5101      221.862      6.28296
      87.9967      222.533      89.2534      219.363      3.41001
      168.757      223.460      167.734      222.681      1.28585
      120.432      225.688      122.640      221.200      5.00175
      156.987      227.566      153.482      225.242      4.20547
      244.581      226.941      238.268      224.799      6.66648
      53.2079      228.139      51.2155      233.281      5.51451
      230.859      228.813      227.223      225.155      5.15765
      64.7217      229.861      63.1323      235.961      6.30367
      105.723      230.610      100.017      226.822      6.84889
      142.340      230.987      143.305      226.706      4.38842
      203.163      231.558      201.031      229.072      3.27499
      217.508      231.124      213.613      225.520      6.82463
      18.7972      232.258      13.4509      230.965      5.50043
      96.1797      231.939      100.017      226.822      6.39597
      189.115      232.492      187.747      230.356      2.53652
      131.431      233.026      134.069      231.606      2.99590
      43.6175      234.637      39.1437      237.165      5.13865
      82.7160      234.385      86.4512      233.513      3.83563
      175.149      233.999      173.555      233.659      1.62987
      33.1131      234.652      39.1437      237.165      6.53325
      238.713      237.237      232.631      236.979      6.08747
      71.3680      237.899      76.0014      240.628      5.37735
      116.494      239.237      119.850      232.369      7.64409
      152.197      239.213      149.314      238.864      2.90406
      224.408      238.542      219.089      238.415      5.32052
      58.6834      240.794      54.1318      244.931      6.15075
      104.301      242.122      108.839      238.720      5.67159
      210.868      242.606      206.259      238.279      6.32184
      10.5496      243.164      11.9929      243.520      1.48656
      92.4456      243.097      87.4645      245.170      5.39525
      140.361      242.728      136.458      241.215      4.18600
      198.527      242.953      200.573      247.548      5.02993
      188.501      243.426      182.005      241.748      6.70923
      21.5599      245.260      17.9438      243.911      3.85953
      127.200      246.298      126.688      242.945      3.39186
      32.8194      247.164      29.1457      244.007      4.84383
      46.2082      247.203      43.7966      254.127      7.33195
      173.346      246.796      168.852      247.146      4.50760
      244.622      248.435      237.989      246.584      6.88642
      81.4109      248.747      79.4700      253.287      4.93748
      160.531      248.768      157.766      250.281      3.15189
      232.679      248.674      237.989      246.584      5.70650
      69.3581      250.111      66.9673      249.549      2.45597
      221.192      250.714      227.422      252.046      6.37080
      56.9799      252.848      58.2563      260.870      8.12290
      102.591      253.704      103.640      250.848      3.04254
      113.939      253.255      116.250      250.395      3.67700
      146.021      253.230      145.087      252.759      1.04603
      181.033      253.871      180.690      253.531     0.482958
      193.062      253.565      191.435      254.195      1.74472
      204.135      253.668      203.406      257.842      4.23719
      11.8846      255.283      10.9407      254.509      1.22067
      136.441      255.015      131.985      252.151      5.29701
      91.2938      256.413      93.9516      255.533      2.79969
      22.6505      257.498      22.9673      258.052     0.638198
      35.4914      257.879      32.6098      255.954      3.46544
      238.401      258.124      244.576      256.574      6.36656
      122.362      259.363      121.376      261.817      2.64466
      168.036      260.322      170.316      261.512      2.57187
      46.2015      261.103      43.7966      254.127      7.37889
      69.5377      260.943      71.4651      263.091      2.88597
      109.547      262.190      107.423      262.009      2.13170
      155.970      261.826      159.385      258.611      4.69024
      199.990      262.084      203.406      257.842      5.44644
      214.533      261.888      218.006      262.615      3.54827
      227.004      262.464      229.925      262.955      2.96198
      57.9133      263.268      58.2563      260.870      2.42242
      82.7740      263.576      84.2876      264.920      2.02420
      141.942      265.355      135.361      264.446      6.64349
      189.099      265.189      193.187      266.603      4.32564
      12.1603      265.823      13.2634      266.448      1.26785
      97.0468      266.463      98.4199      270.148      3.93251
      176.169      265.564      179.933      265.691      3.76613
      130.573      267.516      135.361      264.446      5.68767
      246.834      268.085      242.225      269.789      4.91391
      26.1548      268.819      26.5639      268.288     0.670321
      232.771      269.155      229.925      262.955      6.82201
      38.7149      271.407      39.4688      268.398      3.10201
      222.845      270.780      221.742      273.763      3.18039
      117.108      272.223      111.378      273.016      5.78462
      152.084      272.536      149.842      266.826      6.13441
      165.410      272.090      161.054      271.934      4.35880
      206.795      272.036      206.812      268.572      3.46406
      72.6878      273.191      75.5620      275.929      3.96958
      49.9753      274.209      51.0661      270.699      3.67560
      61.4643      275.246      64.0604      274.083      2.84470
      197.327      275.711      197.964      281.020      5.34707
      86.5368      276.707      89.4972      276.476      2.96940
      139.275      276.934      140.148      277.721      1.17538
      182.602      276.677      184.080      279.010      2.76177
      15.8661      277.888      18.8056      278.709      3.05200
      99.3193      278.748      103.993      281.776      5.56887
      27.1968      280.745      31.9913      280.244      4.82061
      127.574      280.499      125.800      275.077      5.70483
      214.258      281.269      210.827      280.967      3.44427
      226.964      281.387      225.737      287.537      6.27120
      240.789      281.334      245.574      280.094      4.94307
      170.231      281.506      166.982      285.963      5.51552
      37.5664      282.974      42.9077      281.640      5.50536
      113.206      283.523      118.184      283.827      4.98727
      161.268      282.615      166.982      285.963      6.62261
      50.3481      285.859      54.8818      283.112      5.30099
      77.0010      285.099      80.5141      286.949      3.97044
      148.297      285.716      153.163      283.248      5.45610
      201.757      286.401      197.964      281.020      6.58347
      11.3147      288.697      11.8822      289.328     0.848665
      65.4087      287.935      68.5292      285.186      4.15866
      89.4532      288.073      92.3754      289.630      3.31112
      191.249      287.883      190.659      291.608      3.77144
      178.918      289.153      178.213      289.989      1.09358
      100.952      290.130      108.744      293.567      8.51634
      135.127      289.847      130.969      287.482      4.78353
      18.3604      291.684      23.7736      290.825      5.48093
      28.6750      291.962      23.7736      290.825      5.03155
      123.796      291.925      121.246      295.756      4.60209
      165.734      292.638      166.982      285.963      6.79065
      218.199      293.339      217.583      294.658      1.45576
      246.003      293.471      250.594      291.372      5.04807
      41.1191      293.623      36.9408      294.067      4.20182
      109.797      293.286      108.744      293.567      1.08984
      80.2425      295.403      84.8042      299.305      6.00288
      207.590      294.564      205.043      292.593      3.22057
      54.7521      295.803      60.5583      296.128      5.81529
      154.506      296.958      157.405      295.923      3.07822
      228.547      296.427      229.679      298.600      2.45018
      142.175      299.185      148.202      302.713      6.98366
      194.543      299.339      197.313      304.108      5.51511
      93.7645      299.824      98.5788      301.322      5.04196
      11.1414      301.046      15.9173      300.864      4.77937
      182.907      301.233      183.378      301.750     0.699383
      239.576      301.066      241.427      302.032      2.08791
      130.063      302.833      133.772      298.650      5.59055
      21.8404      303.135      27.7131      302.360      5.92362
      68.6402      303.182      72.0440      297.890      6.29214
      158.264      302.650      161.463      308.049      6.27558
      171.502      302.856      169.085      298.965      4.58057
      33.1667      303.610      27.7131      302.360      5.59502
      105.159      304.169      98.5788      301.322      7.16970
      118.795      304.061      112.727      307.079      6.77709
      206.630      305.862      210.410      306.596      3.85061
      218.564      306.269      222.517      307.291      4.08297
      46.1583      306.786      51.4887      308.353      5.55595
      57.0780      307.824      51.4887      308.353      5.61428
      232.478      310.242      234.242      310.293      1.76474
      83.6361      310.038      77.0596      309.616      6.59003
      133.386      310.112      138.164      311.368      4.94033
      147.602      310.920      151.614      315.609      6.17112
      13.7581      312.477      11.4024      312.001      2.40331
      195.252      312.365      199.448      318.063      7.07627
      245.530      312.224      246.603      312.685      1.16784
      97.3338      314.250      90.8425      310.455      7.51925
      161.990      313.957      161.463      308.049      5.93145
      23.8978      315.093      21.1979      313.092      3.36056
      34.7058      315.621      31.6690      313.579      3.65949
      111.236      314.935      116.572      317.305      5.83864
      124.053      314.560      126.574      309.671      5.50071
      175.814      315.062      172.417      310.373      5.79021
      208.127      317.132      211.034      320.219      4.24031
      221.086      316.382      223.970      320.343      4.89969
      234.962      317.418      237.770      323.807      6.97884
      48.6872      319.425      43.7024      318.666      5.04225
      64.1136      319.387      69.0495      320.880      5.15676
      75.2296      320.657      69.0495      320.880      6.18412
      137.822      320.663      142.170      324.570      5.84549
      88.2821      321.939      81.7189      322.164      6.56705
      187.179      321.524      190.538      325.447      5.16457
      152.103      323.766      155.204      329.596      6.60343
      249.600      323.710      250.248      327.061      3.41309
      101.871      323.729      95.1966      323.316      6.68717
      18.4021      324.918      13.3476      323.840      5.16818
      116.135      324.985      120.378      330.183      6.70988
      200.073      325.111      202.428      330.611      5.98298
      31.7401      325.865      26.5805      325.784      5.16024
      164.934      326.076      164.748      320.597      5.48216
      213.411      326.216      211.034      320.219      6.45091
      41.5618      328.196      38.5981      326.883      3.24153
      129.169      327.954      129.969      321.678      6.32678
      227.077      328.514      227.293      334.048      5.53821
      55.6459      329.341      49.7093      329.552      5.94035
      79.6300      330.635      75.4924      333.508      5.03724
      239.551      330.321      237.770      323.807      6.75309
      178.677      331.022      182.751      335.096      5.76151
      66.9111      332.601      63.1553      332.067      3.79358
      10.8486      333.124      18.8801      336.383      8.66753
      142.884      332.697      145.788      336.572      4.84240
      93.3653      334.320      87.3471      335.531      6.13883
      107.265      334.475      111.692      340.362      7.36580
      190.638      334.745      193.432      339.094      5.16916
      21.5797      335.647      18.8801      336.383      2.79813
      154.400      335.918      158.079      340.932      6.21895
      119.163      337.251      120.378      330.183      7.17166
      166.929      337.498      168.668      331.515      6.23057
      202.974      336.848      207.041      339.812      5.03249
      34.4996      337.383      30.4843      338.779      4.25105
      48.7714      338.783      42.6514      340.150      6.27081
      217.038      338.481      217.508      333.740      4.76424
      59.7526      339.825      54.3472      343.001      6.26940
      72.6922      340.874      66.1604      343.907      7.20164
      133.017      341.455      136.894      346.176      6.10893
      179.810      342.007      182.751      335.096      7.51074
      232.364      340.683      230.073      345.816      5.62106
      84.4022      343.186      78.1746      346.061      6.85920
      145.867      344.601      148.655      351.398      7.34657
      158.351      346.304      158.079      340.932      5.37886
      13.4637      346.764      10.6018      345.858      3.00189
      25.5056      347.210      21.3339      349.148      4.59989
      98.5250      346.842      103.658      349.206      5.65120
      193.515      346.824      193.432      339.094      7.73046
      109.084      347.629      103.658      349.206      5.65052
      39.2258      348.806      34.6142      351.871      5.53725
      122.983      349.005      124.188      343.070      6.05609
      207.894      348.722      213.123      352.586      6.50178
      51.3375      350.904      46.3197      352.091      5.15629
      63.0509      351.092      56.9575      353.506      6.55415
      171.276      350.319      171.708      343.013      7.31876
      222.234      350.588      225.429      356.194      6.45253
      140.330      352.327      136.894      346.176      7.04563
      185.039      351.872      184.746      348.475      3.40962
      234.236      352.667      236.902      360.184      7.97576
      76.5436      353.916      83.1030      357.713      7.57912
      148.205      355.233      148.655      351.398      3.86130
      247.019      355.004      243.590      351.346      5.01387
      90.0457      356.994      95.7908      360.183      6.57085
      18.9133      358.121      14.1855      360.349      5.22648
      31.9499      358.547      27.7281      361.520      5.16355
      101.101      358.238      95.7908      360.183      5.65520
      162.007      358.506      163.516      352.903      5.80264
      198.265      358.485      199.799      352.361      6.31320
      115.033      358.680      114.716      353.704      4.98607
      43.2791      360.151      42.7004      362.466      2.38624
      128.718      359.831      128.035      356.603      3.29946
      210.027      359.610      213.123      352.586      7.67604
      220.755      361.405      225.429      356.194      7.00005
      175.745      361.891      175.518      356.841      5.05509
      66.6799      362.790      69.1157      358.247      5.15480
      141.332      363.732      139.365      362.804      2.17492
      53.3009      363.861      57.2285      364.579      3.99269
      189.049      364.811      190.537      359.977      5.05785
      234.263      364.625      236.902      360.184      5.16593
      10.7611      365.966      10.5062      369.423      3.46639
      80.5718      366.186      76.3049      365.380      4.34236
      92.2002      367.120      86.2847      369.392      6.33681
      154.811      367.258      152.681      362.767      4.97051
      22.8191      367.981      20.3869      370.460      3.47290
      105.717      368.099      109.063      361.213      7.65588
      247.910      367.599      248.842      363.867      3.84661
      119.180      369.823      119.625      367.768      2.10262
      166.899      369.765      165.169      365.642      4.47126
      202.379      370.570      204.505      365.204      5.77181
      36.2190      370.554      34.7422      371.790      1.92580
      48.2434      371.254      49.7644      374.484      3.57021
      61.1950      372.459      66.1211      374.072      5.18345
      212.777      371.958      215.402      366.639      5.93147
      131.691      372.651      131.073      370.886      1.87008
      225.363      373.158      227.474      368.685      4.94610
      179.423      373.836      180.117      369.951      3.94651
      73.9415      375.329      77.6180      376.415      3.83354
      86.5622      376.050      89.0791      381.546      6.04490
      145.902      376.125      144.663      374.457      2.07782
      15.0110      377.567      15.0983      382.142      4.57585
      99.1432      378.210      100.042      373.394      4.89913
      240.255      378.285      241.771      374.368      4.20013
      193.481      378.628      194.829      373.447      5.35349
      27.7985      379.641      27.8542      383.473      3.83241
      111.003      379.751      111.005      375.187      4.56400
      157.753      379.922      158.619      376.070      3.94814
      54.5988      381.657      54.6773      384.559      2.90304
      41.7218      382.636      39.7531      384.434      2.66620
      124.412      382.501      122.992      381.706      1.62741
      169.761      381.836      172.208      380.292      2.89339
      207.312      382.135      208.743      378.437      3.96522
      218.747      382.753      220.244      380.493      2.71082
      230.290      383.274      231.254      381.587      1.94299
      138.466      385.542      136.101      383.633      3.03933
      64.6265      387.104      66.4528      385.955      2.15768
      78.9672      386.798      78.2602      392.163      5.41137
      183.676      386.499      185.411      382.990      3.91450
      11.9449      388.015      10.2245      391.845      4.19864
      89.5063      387.621      89.0791      381.546      6.09001
      19.7798      388.580      20.3591      392.931      4.38941
      147.806      388.828      150.171      386.311      3.45377
      115.721      389.737      112.914      390.689      2.96404
      196.500      389.706      197.676      385.353      4.50905
      103.617      391.014      103.339      385.277      5.74373
      160.723      392.555      163.447      389.057      4.43352
      209.907      391.413      211.062      390.853      1.28360
      32.9927      392.549      30.5528      396.130      4.33320
      128.824      393.117      128.749      395.320      2.20428
      47.3598      392.810      42.4291      399.368      8.20484
      224.240      394.820      223.671      392.046      2.83177
      59.3295      396.193      56.4381      399.314      4.25451
      71.4961      395.850      69.5936      399.982      4.54894
      174.445      396.003      175.223      393.124      2.98227
      238.321      395.802      236.750      395.865      1.57226
      15.0316      398.143      12.4136      402.642      5.20527
      140.607      398.010      140.741      396.809      1.20847
      81.6612      399.371      82.4940      404.247      4.94662
      92.7618      399.955      92.1856      393.862      6.12017
      187.786      399.676      188.881      394.470      5.31991
      200.895      401.483      201.341      397.953      3.55806
      249.854      401.340      250.296      400.232      1.19291
      40.7159      402.646      42.4291      399.368      3.69868
      106.542      401.587      104.647      399.965      2.49438
      118.168      402.212      119.615      402.847      1.58019
      151.797      401.940      155.043      400.268      3.65132
      26.1476      402.345      26.4046      406.320      3.98331
      53.0114      404.226      56.4381      399.314      5.98917
      213.995      403.975      215.417      403.914      1.42332
      67.8542      406.107      69.5936      399.982      6.36719
      131.146      406.505      132.668      408.668      2.64481
      164.714      406.126      167.701      400.829      6.08115
      227.320      406.754      228.169      405.943      1.17411
      11.6435      408.810      12.4136      402.642      6.21589
      142.722      409.651      144.895      407.961      2.75283
      177.580      409.642      179.880      403.902      6.18365
      18.2431      409.988      15.5275      416.428      6.98914
      80.7353      410.065      82.4940      404.247      6.07800
      239.800      410.290      241.450      407.896      2.90754
      32.8997      410.884      36.7195      410.346      3.85750
      100.856      411.431      96.0459      409.012      5.38412
      191.131      412.264      193.055      408.119      4.56979
      111.436      412.973      109.349      411.976      2.31290
      203.578      413.258      205.778      412.074      2.49836
      154.724      414.887      159.146      410.124      6.49925
      44.1762      415.892      49.0416      413.204      5.55854
      57.5653      416.148      62.5606      411.619      6.74278
      122.741      416.202      122.657      416.588     0.395051
      168.197      417.267      172.004      413.373      5.44578
      89.9817      418.193      88.2270      419.681      2.30068
      216.266      417.903      220.136      415.037      4.81570
      73.2332      418.862      74.0472      413.841      5.08655
      134.437      418.448      137.882      419.848      3.71861
      11.6683      420.007      15.5275      416.428      5.26332
      229.405      419.281      231.552      418.221      2.39441
      23.4192      420.746      28.1562      419.566      4.88176
      180.515      421.881      176.238      425.124      5.36746
      102.247      421.793      102.393      421.168     0.641825
      241.968      422.597      245.155      420.362      3.89257
      144.812      423.436      150.980      421.141      6.58113
      36.5108      423.874      39.9640      421.897      3.97908
      193.048      423.959      190.602      429.113      5.70496
      206.018      424.988      210.558      423.643      4.73504
      112.704      425.947      115.458      424.682      3.03063
      160.144      425.759      163.627      423.994      3.90469
      49.7656      426.877      54.5915      422.234      6.69678
      62.2512      427.227      67.0564      424.642      5.45638
      127.007      428.275      129.848      427.219      3.03091
      92.8230      430.030      94.5618      430.303      1.76010
      219.896      429.656      224.570      426.947      5.40233
      171.191      430.111      176.238      425.124      7.09524
      182.604      429.953      176.238      425.124      7.99032
      71.6967      431.013      77.0703      433.703      6.00930
      233.124      431.187      237.537      430.436      4.47646
      16.1896      431.775      18.1357      430.267      2.46198
      137.521      431.765      143.304      432.991      5.91153
      29.5558      432.349      31.0271      432.721      1.51760
      40.7936      434.025      43.6972      433.216      3.01420
      103.645      435.143      107.845      433.573      4.48386
      151.007      434.721      156.288      434.125      5.31452
      197.172      434.867      202.464      433.160      5.56050
      245.747      434.423      251.197      432.445      5.79785
      52.3865      436.517      55.7179      434.110      4.10998
      210.042      437.328      216.466      436.208      6.52090
      161.939      437.815      167.805      436.408      6.03238
      116.727      438.677      123.224      437.084      6.68944
      64.2125      440.479      66.4770      435.623      5.35806
      222.876      439.750      228.056      439.837      5.18072
      78.9968      440.636      77.0703      433.703      7.19567
      128.167      440.441      123.224      437.084      5.97518
      176.240      441.066      181.247      438.765      5.51040
      10.5505      443.044      11.1457      438.737      4.34794
      21.4350      442.806      21.2328      441.281      1.53834
      32.2758      444.521      33.7502      444.670      1.48191
      93.5665      443.868      99.2677      444.302      5.71770
      140.886      444.484      134.646      440.801      7.24584
      189.945      443.734      194.364      443.779      4.41922
      236.270      444.772      241.194      442.284      5.51688
      44.5226      446.528      45.9320      444.977      2.09573
      202.994      446.440      206.626      444.186      4.27457
      249.868      446.066      253.432      444.898      3.75052
      104.487      447.529      99.2677      444.302      6.13633
      153.987      448.916      159.516      446.634      5.98142
      214.199      449.438      220.024      447.825      6.04419
      56.1595      449.926      57.7295      446.781      3.51509
      167.054      449.631      172.780      448.793      5.78700
      117.265      450.849      111.199      446.548      7.43606
      69.2393      451.720      71.5261      447.262      5.01032
      180.608      451.563      186.056      450.749      5.50847
      226.302      451.213      233.016      451.158      6.71423
      83.3047      453.211      81.8496      449.834      3.67714
      12.6569      453.969      14.6071      451.367      3.25171
      130.445      453.827      124.785      451.082      6.29052
      96.1016      454.784      92.6282      456.606      3.92227
      193.132      455.203      198.906      454.261      5.85034
      240.496      455.585      245.708      456.580      5.30612
      24.6276      456.774      23.6219      452.961      3.94339
      36.6546      457.662      37.3945      458.278     0.962780
      144.883      458.447      152.573      457.532      7.74424
      206.512      458.178      211.326      458.370      4.81784
      110.938      459.494      105.113      458.218      5.96312
      49.5547      459.666      49.3401      456.986      2.68857
      159.614      460.416      166.091      459.903      6.49729
      61.5602      461.235      61.1695      459.367      1.90840
      173.583      462.216      178.218      462.592      4.65024
      220.377      461.835      224.791      461.491      4.42739
      73.9090      463.881      72.8648      461.602      2.50685
      123.220      464.165      117.411      459.707      7.32245
      184.772      463.729      189.735      463.802      4.96353
      232.606      464.195      235.997      464.958      3.47577
      87.6967      465.438      84.6945      466.285      3.11939
      101.120      465.909      96.6241      469.028      5.47188
      136.018      466.368      131.278      467.617      4.90180
      12.5336      467.038      16.5364      464.950      4.51465
      148.591      466.241      143.195      466.089      5.39814
      196.717      467.079      203.400      467.412      6.69129
      244.086      466.751      247.631      468.890      4.14033
      38.3618      469.513      42.8745      470.947      4.73506
      24.3530      469.929      28.7309      468.631      4.56626
      52.4868      471.055      53.9827      470.358      1.65031
      162.144      471.115      156.870      468.986      5.68751
      209.317      470.916      203.400      467.412      6.87670
      63.4398      473.130      53.9827      470.358      9.85499
      112.790      472.837      108.129      469.956      5.47952
      174.789      473.679      170.319      472.599      4.59862
      73.8096      473.995      77.0616      475.843      3.74040
      223.681      474.005      228.592      476.090      5.33527
      85.4897      475.419      89.3999      479.964      5.99554
      97.7811      474.399      96.6241      469.028      5.49418
      11.4916      476.164      10.4979      475.264      1.34068
      126.453      475.626      120.949      472.339      6.41082
      140.476      476.398      146.164      478.389      6.02640
      187.256      476.019      182.099      475.438      5.18963
      236.458      476.558      240.174      479.539      4.76392
      248.086      477.441      253.362      481.647      6.74734
      152.825      478.732      146.164      478.389      6.66982
      17.3191      479.846      20.3921      478.216      3.47854
      30.1761      481.139      34.7498      481.197      4.57407
      43.5959      482.209      44.6320      484.687      2.68588
      107.705      482.089      113.725      483.982      6.31061
      199.971      481.478      195.185      477.518      6.21187
      54.4956      482.694      55.3554      483.855      1.44471
      168.186      483.441      172.947      484.578      4.89488
      65.8306      484.195      68.6707      484.151      2.84044
      213.095      484.135      218.645      486.030      5.86460
      225.071      485.140      218.645      486.030      6.48733
      78.5280      485.812      81.0322      489.147      4.17052
      120.079      486.020      113.725      483.982      6.67284
      92.3350      486.991      91.9761      492.446      5.46681
      131.899      487.294      128.178      486.581      3.78871
      239.238      486.832      240.174      479.539      7.35282
      144.766      488.516      141.138      488.767      3.63668
      179.230      487.471      185.496      487.723      6.27107
      11.0348      488.848      11.8751      488.590     0.879015
      21.5330      490.438      24.3328      491.549      3.01218
      190.235      490.042      185.496      487.723      5.27597
      32.8123      491.041      36.5172      493.384      4.38361
      102.918      490.886      106.173      494.535      4.88982
      158.308      490.850      153.208      491.535      5.14580
      204.419      490.499      197.587      492.175      7.03457
      43.5797      492.457      47.6654      495.714      5.22503
      111.592      493.956      106.173      494.535      5.44985
      57.4708      495.441      59.0686      495.807      1.63918
      124.416      497.148      118.853      497.429      5.57009
      172.918      496.955      177.290      498.253      4.56061
      218.908      495.992      220.882      498.910      3.52298
      68.9148      496.760      70.7404      497.546      1.98761
      230.329      497.535      234.405      502.260      6.24015
      80.3459      498.035      83.2922      501.078      4.23562
      139.224      498.246      143.622      502.067      5.82600
      183.241      498.857      177.290      498.253      5.98158
      12.4244      500.772      15.6769      501.410      3.31448
      91.6579      500.302      96.8475      503.335      6.01091
      242.364      499.793      244.773      493.882      6.38305
      150.371      500.955      143.622      502.067      6.84000
      196.292      501.409      189.934      502.296      6.41958
