0     0.920800      2
1     -0.065338      60
2     -0.008723      911
3     0.141913      2563
4     0.112190      1929
5     0.055172      4831
6     0.062136      4997
7     0.028625      5567
8     0.034287      7157
9     0.048320      6381
10     0.046194      7412
11     0.042751      8040
12     0.037063      9250
13     0.041505      10790
14     0.038165      10298
15     0.033103      11109
16     0.028629      11523
17     0.028837      13675
18     0.018437      13270
19     0.027079      13681
20     0.031227      14061
21     0.017930      15811
22     0.027817      15731
23     0.029526      15395
24     0.009574      17094
25     0.037824      18078
26     0.027985      19494
27     0.031263      17507
28     0.024260      18942
29     0.030347      21237
30     0.019662      20535
31     0.031041      21983
32     0.033850      20697
33     0.026457      22431
34     0.027411      24202
35     0.020997      23583
36     0.019925      24979
37     0.040110      23984
38     0.020005      26836
39     0.024332      26448
40     0.023884      25483
41     0.028791      28392
42     0.033563      27169
43     0.030045      29979
44     0.025882      29535
45     0.023829      28272
46     0.017091      30970
47     0.017761      30381
48     0.024387      31433
49     0.022974      31772
50     0.026226      34109
51     0.021546      32464
52     0.027254      31786
53     0.023416      33331
54     0.027660      31828
55     0.017839      37571
56     0.025967      34091
57     0.022674      35024
58     0.032336      36135
59     0.020070      34914
60     0.016474      38701
61     0.020440      38368
62     0.016404      38104
63     0.020510      38219
64     0.023441      36828
65     0.016015      41634
66     0.024191      38483
67     0.010493      40128
68     0.015763      42207
69     0.025508      40038
70     0.020513      41918
71     0.020808      39672
72     0.012971      44404
73     0.019385      43176
74     0.026367      43121
75     0.013993      44213
76     0.020028      44253
77     0.021612      43832
78     0.017021      44122
79     0.014566      45402
80     0.023030      47591
81     0.017473      44775
82     0.017145      47732
83     0.019436      44786
84     0.013506      49312
85     0.016624      48355
86     0.019981      48844
87     0.019641      48462
88     0.012125      45704
89     0.019190      53542
90     0.013117      48199
91     0.013252      50966
92     0.014814      50498
93     0.009054      51641
94     0.011780      52271
95     0.016290      49737
96     0.012462      51498
97     0.005943      54092
98     0.010704      51402
99     0.010719      54172
100     0.007984      52052
101     0.007334      57253
102     0.013689      53468
103     0.006137      53190
104     0.008508      55734
105     0.013773      52977
106     0.014060      58676
107     0.012604      55338
108     0.019371      54978
109     0.013071      56901
110     0.014041      56033
111     0.011673      59018
112     0.010533      57473
113     0.010206      59566
114     0.017775      60424
115     0.015219      58454
116     0.013893      57356
117     0.017508      60252
118     0.014563      60779
119     0.010304      60311
120     0.013917      59904
121     0.015267      58344
122     0.014717      60310
123     0.013252      65153
124     0.011334      59754
125     0.011277      64127
126     0.017731      58385
127     0.018177      63283
128     0.018660      64861
129     0.014064      60349
130     0.019279      63702
131     0.013801      61675
132     0.008934      67136
133     0.015642      63853
134     0.013263      62297
135     0.016170      66080
136     0.015213      65731
137     0.013915      67226
138     0.013427      64025
139     0.009166      64269
140     0.010428      67249
141     0.009173      65685
142     0.009007      67146
143     0.014563      66416
144     0.012852      66907
145     0.015440      69504
146     0.007094      67234
147     0.011269      66214
148     0.012227      69244
149     0.007436      67946
150     0.011966      69157
151     0.016361      66616
152     0.009349      70371
153     0.008762      67851
154     0.011720      71194
155     0.007854      68909
156     0.009424      71105
157     0.013259      72148
158     0.003764      66778
159     0.006927      71094
160     0.010383      71637
161     0.008756      74502
162     0.012502      72149
163     0.005866      69870
164     0.007719      73518
165     0.010284      71571
166     0.008240      75369
167     0.010585      71139
168     0.018750      69202
169     0.012213      75928
170     0.012584      73048
171     0.008525      73304
172     0.005814      72721
173     0.007958      75432
174     0.006577      74282
175     0.005688      73939
176     0.013467      74591
177     0.010148      72808
178     0.011121      78082
179     0.016607      75781
180     0.011055      72728
181     0.001495      76872
182     0.009338      76571
183     0.012515      76851
184     0.011112      72570
185     0.008757      76138
186     0.011366      77600
187     0.010401      77598
188     0.012568      76716
189     0.006929      75390
190     0.007614      78165
191     0.006649      79361
192     0.009027      75334
193     0.003886      79041
194     0.011739      77891
195     0.006544      78472
196     0.004990      78653
197     0.011018      77306
198     0.008028      79446
199     0.011685      77787
200     0.009569      80443
201     0.008889      76375
202     0.007399      75352
203     0.005508      81566
204     0.008547      79378
205     0.009712      80165
206     0.006664      78299
207     0.011361      79789
208     0.011062      78482
209     0.005983      78800
210     0.007002      77603
211     0.008938      82689
212     0.007331      79614
213     0.008307      80576
214     0.003638      78475
215     0.009395      77168
216     0.008382      81607
217     0.004013      80805
218     0.002363      79084
219     0.006874      81182
220     0.007743      80766
221     0.007976      80552
222     0.011164      81866
223     0.001351      78315
224     0.010597      80166
225     0.008217      79326
226     0.009026      79858
227     0.008366      79489
228     0.008638      81225
229     0.007844      82382
230     0.006667      77806
231     0.002601      79776
232     0.011669      80269
233     0.008193      81002
234     0.010408      81613
235     0.009536      79864
236     0.007531      80382
237     0.005541      83056
238     0.008095      77564
239     0.006302      80738
240     0.006789      77515
241     0.012372      82416
242     0.004756      82011
243     0.011329      78228
244     0.002639      80224
245     0.007921      78553
246     0.008465      82654
247     0.001585      79224
248     0.005262      78851
249     0.004016      79468
250     0.006664      78614
251     0.006918      81191
252     0.009615      79873
253     0.009203      78445
254     0.007756      79836
255     0.009526      80902
256     0.003688      79606
257     0.010283      77728
258     0.002074      81160
259     0.006665      79039
260     0.012645      80168
261     0.004417      79173
262     0.007041      79423
263     0.010474      79527
264     0.007785      77279
265     0.007348      82249
266     0.012595      79273
267     0.005688      77290
268     0.006592      79193
269     0.006920      77880
270     0.005613      78898
271     0.008235      80426
272     0.008243      78686
273     0.009276      77210
274     0.005164      77257
275     0.003289      79838
276     0.005795      78170
277     0.007356      79613
278     -0.000210      76990
279     0.007067      77185
280     0.010462      77189
281     0.008425      77461
282     0.008816      77542
283     0.007043      75807
284     0.009058      76841
285     0.009538      77798
286     0.007952      74791
287     0.011765      76580
288     0.012808      76869
289     0.011236      77096
290     0.001924      78099
291     0.011647      72373
292     0.010513      78336
293     0.010040      75577
294     0.009338      75408
295     0.010661      74222
296     0.007541      76597
297     0.006076      75066
298     0.006476      72173
299     0.004397      75887
300     0.010963      75160
301     0.008590      74383
302     0.006857      76414
303     0.008081      72090
304     0.001688      73996
305     0.008945      76175
306     0.008731      72366
307     0.012649      74555
308     0.011502      71626
309     0.008456      75616
310     0.010603      72221
311     0.003348      74032
312     0.012026      71755
313     0.006345      74013
314     0.004107      74171
315     0.006796      71199
316     0.004440      72134
317     0.015404      71717
318     0.011053      71429
319     0.004321      71485
320     0.007091      69521
321     0.009832      71151
322     0.006578      72338
323     0.008784      70515
324     0.003840      69094
325     0.008416      71684
326     0.004466      70260
327     0.011103      71934
328     0.006966      69605
329     0.005382      67804
330     0.012124      69967
331     0.006144      67921
332     0.009203      68222
333     0.008356      72301
334     0.011289      67472
335     0.002992      69826
336     0.006294      66819
337     0.010220      66658
338     0.009779      70407
339     0.007132      68163
340     0.005767      68506
341     0.004362      65648
342     0.004890      66823
343     0.002276      68453
344     0.012000      64974
345     0.004339      68149
346     0.003040      66086
347     0.006420      66950
348     0.006270      65367
349     0.003181      65180
350     0.003251      66641
351     0.007075      67165
352     0.003384      64610
353     0.002416      64912
354     0.008855      63281
355     0.003141      66616
356     0.007980      63920
357     0.002408      65383
358     0.000360      62908
359     0.004331      63348
360     0.005775      65616
361     0.004527      62445
362     0.000458      64373
363     0.003631      63412
364     0.006420      63574
365     -0.000571      62405
366     0.003457      63243
367     0.001016      62549
368     0.002718      62037
369     0.000484      62453
370     0.002422      61737
371     0.002916      60511
372     -0.004762      61925
373     -0.001978      61356
374     -0.001866      61443
375     -0.002716      60338
376     -0.001687      60643
377     0.000778      60860
378     0.002857      59616
379     0.002355      61029
380     -0.002917      57996
381     0.002638      60012
382     -0.008393      58207
383     0.004706      58977
384     0.000388      58626
385     0.001359      59290
386     0.000392      58350
387     -0.000146      57909
388     -0.000068      57820
389     0.000325      58350
390     0.009725      56524
391     0.005763      57709
392     0.006980      57125
393     0.007174      57047
394     0.000787      57798
395     0.006177      56019
396     -0.000502      56881
397     0.007059      54248
398     0.000138      56977
399     0.004389      54969
400     -0.002838      54070
401     0.002229      55935
402     -0.001217      52202
403     0.001650      55039
404     0.006507      53696
405     0.000852      53463
406     -0.002403      55310
407     0.001434      51522
408     -0.003468      53294
409     -0.006410      52187
410     0.001191      51573
411     0.001184      53230
412     0.002666      51641
413     0.004106      51256
414     0.002751      51183
415     0.002354      52959
416     -0.003806      49804
417     -0.000192      49663
418     0.004729      49372
419     -0.003435      50231
420     -0.005624      49883
421     -0.001647      49266
422     -0.005336      50129
423     0.004414      48376
424     -0.001164      48547
425     -0.001852      48180
426     0.006321      47440
427     -0.000021      48667
428     -0.006411      46618
429     0.002179      46828
430     0.001472      46558
431     0.007693      45752
432     0.005168      47565
433     -0.000895      44575
434     0.001937      46172
435     0.001101      44002
436     0.000183      44419
437     0.005270      44508
438     0.002339      43929
439     0.010593      44225
440     0.011577      43339
441     0.002801      43042
442     0.005403      43067
443     0.007095      41555
444     0.005041      42271
445     -0.002588      41391
446     0.003429      40682
447     0.002374      41350
448     -0.000023      38913
449     0.001011      42204
450     0.001906      39006
451     0.007917      38864
452     -0.006392      38580
453     0.003002      38330
454     0.000887      38366
455     0.003031      37861
456     0.000496      38772
457     0.008215      37235
458     -0.003053      36322
459     -0.003971      35947
460     0.011401      35836
461     0.008237      36221
462     -0.006735      34607
463     0.013802      34680
464     -0.000056      33913
465     0.001695      34555
466     0.008646      33673
467     0.000351      32618
468     0.008670      33575
469     0.000136      32631
470     -0.002511      32944
471     -0.001123      32444
472     0.003010      30318
473     0.000123      30943
474     -0.005175      31141
475     0.003459      30770
476     -0.002248      30086
477     0.000420      28329
478     -0.000366      28840
479     0.002274      28695
480     0.001930      28315
481     0.003034      27748
482     0.004256      27400
483     0.005863      26543
484     -0.006010      24770
485     -0.000876      27066
486     -0.002426      24896
487     -0.003464      25821
488     -0.004713      24302
489     0.011782      23148
490     0.003543      24703
491     0.002304      22208
492     -0.004132      23188
493     0.001025      22731
494     0.006734      20958
495     0.002911      21190
496     -0.009191      19970
497     0.001377      20973
498     0.003054      19544
499     0.006204      18578
500     -0.002772      19347
501     -0.010240      17505
502     -0.003508      17750
503     -0.008375      17564
504     -0.006832      17037
505     0.003646      16794
506     -0.011544      16156
507     -0.010956      16223
508     -0.006225      16054
509     -0.011819      15728
510     -0.008332      15414
511     -0.014376      15110
512     -0.009515      14574
513     -0.002445      14365
514     -0.002859      14508
515     -0.007685      13533
516     0.006963      13744
517     -0.007395      13444
518     -0.014584      12983
519     -0.007249      12686
520     -0.007439      12279
521     -0.006654      12647
522     -0.009003      11974
523     -0.015662      12384
524     -0.001043      11907
525     -0.013813      11125
526     -0.017455      11567
527     -0.008582      10890
528     -0.025673      10719
529     -0.013572      10837
530     -0.013011      10950
531     -0.002299      10686
532     -0.011220      9570
533     -0.010397      10447
534     -0.020260      9557
535     -0.005906      9655
536     -0.017722      9737
537     -0.020621      8405
538     -0.018105      9561
539     -0.017578      8621
540     -0.010607      9020
541     -0.016999      8192
542     0.002942      7837
543     -0.021520      8410
544     -0.019640      7480
545     -0.014271      8492
546     -0.014548      7775
547     -0.011905      7296
548     -0.014708      7688
549     -0.001628      7299
550     -0.019086      7125
551     -0.023714      7070
552     -0.039334      6814
553     -0.010427      6947
554     -0.017570      6182
555     -0.002451      6255
556     -0.019325      6247
557     -0.015632      6340
558     -0.007219      6276
559     -0.020091      5654
560     -0.016621      5971
561     -0.003120      5600
562     -0.027846      5455
563     0.016002      5614
564     -0.017022      5362
565     -0.030162      5330
566     -0.014522      4613
567     -0.024768      4914
568     -0.020815      4752
569     -0.025664      4921
570     -0.023230      4666
571     0.004535      4547
572     -0.019677      4329
573     -0.027783      4463
574     -0.002661      4321
575     -0.028426      4278
576     -0.026095      3818
577     -0.037692      4239
578     -0.018621      3914
579     -0.041107      3813
580     -0.011212      3679
581     -0.004656      3718
582     -0.036676      3559
583     -0.055573      3163
584     -0.015867      3525
585     -0.040423      3182
586     -0.018750      3190
587     -0.052683      2872
588     -0.016974      2961
589     -0.014871      3088
590     -0.016128      3049
591     -0.006017      2683
592     -0.010014      2671
593     -0.014911      2637
594     -0.025078      2339
595     -0.004332      2281
596     -0.061235      2747
597     -0.062498      2384
598     -0.049544      2233
599     -0.019041      2145
600     -0.032206      1972
601     -0.031426      2174
602     -0.022445      2158
603     0.002260      2018
604     0.005452      1709
605     0.017367      1776
606     -0.037055      1876
607     -0.033947      1695
608     -0.030720      1857
609     -0.043576      1490
610     -0.024253      1832
611     -0.015058      1512
612     -0.026166      1495
613     -0.023697      1549
614     -0.023588      1488
615     -0.039676      1331
616     0.030347      1302
617     -0.015363      1414
618     0.039933      1318
619     -0.005376      1074
620     -0.028673      1232
621     -0.038584      1087
622     0.004217      1104
623     -0.011863      1221
624     0.012999      1077
625     -0.022780      1064
626     -0.001152      1066
627     0.012210      987
628     -0.010364      871
629     -0.021151      767
630     -0.000177      960
631     -0.001415      808
632     -0.082221      761
633     0.012971      566
634     -0.075520      771
635     -0.059425      752
636     -0.026885      711
637     -0.025312      629
638     0.026595      542
639     0.095287      558
640     0.008463      579
641     0.032861      426
642     0.048074      576
643     0.058769      460
644     0.050614      500
645     0.036505      366
646     0.008736      361
647     0.032970      403
648     -0.116699      316
649     0.031544      442
650     -0.014469      328
651     -0.004053      293
652     0.043284      323
653     -0.016203      377
654     0.038282      298
655     0.060617      201
656     0.031294      299
657     0.059786      218
658     -0.043703      202
659     -0.038456      264
660     -0.077603      169
661     -0.020310      185
662     -0.106545      162
663     -0.070686      104
664     -0.006380      208
665     0.121905      82
666     0.048599      129
667     0.050448      64
668     0.150186      96
669     0.124981      112
670     0.029406      65
671     -0.050258      120
672     -0.045983      64
673     -0.048394      64
674     -0.170194      32
675     0.008710      40
676     0.111897      40
677     -0.242087      16
678     -0.173932      40
679     -0.031021      24
680     0.122921      56
681     0.322494      32
682     0.345262      8
683     -0.141906      16
686     -0.226750      8
687     -0.287700      8
688     -0.345362      16
