3     0.805947      465
4     0.570916      224
5     -0.280592      49
6     0.608612      521
7     0.693696      1088
8     0.361814      359
9     0.592554      786
10     0.605618      1250
11     0.537231      812
12     0.521136      974
13     0.590319      1672
14     0.549091      1456
15     0.543119      1193
16     0.585403      1547
17     0.499775      1627
18     0.514829      1300
19     0.549254      2010
20     0.554568      2302
21     0.509189      1872
22     0.544630      1881
23     0.543297      2293
24     0.503297      2010
25     0.495621      2079
26     0.544425      2599
27     0.541719      2882
28     0.478890      2415
29     0.528025      2672
30     0.496733      2841
31     0.499570      2658
32     0.485634      2906
33     0.499462      3266
34     0.492085      3375
35     0.505062      3142
36     0.497570      3378
37     0.477896      3272
38     0.487657      3354
39     0.488988      3557
40     0.499678      4039
41     0.486902      3631
42     0.478717      3922
43     0.477364      3949
44     0.461931      3819
45     0.459033      3942
46     0.483542      4330
47     0.479491      4319
48     0.448522      4282
49     0.461114      4453
50     0.463421      4516
51     0.445979      4261
52     0.474627      4727
53     0.467142      5146
54     0.463943      4816
55     0.448212      4793
56     0.452733      4978
57     0.446738      5188
58     0.448987      5072
59     0.437450      5435
60     0.455478      5334
61     0.444592      5576
62     0.434531      5478
63     0.440627      5533
64     0.426834      5541
65     0.433994      5688
66     0.438039      6221
67     0.419238      6075
68     0.422955      5967
69     0.445354      6058
70     0.403730      6190
71     0.418426      6156
72     0.427622      6519
73     0.417988      6628
74     0.406612      6683
75     0.401564      6572
76     0.423040      6707
77     0.399960      6756
78     0.404632      6842
79     0.400695      6922
80     0.378352      7174
81     0.405886      7161
82     0.387353      7084
83     0.399378      7317
84     0.384626      7300
85     0.378063      7401
86     0.393352      7723
87     0.376394      7653
88     0.375300      7475
89     0.381826      7726
90     0.371754      7679
91     0.370693      8042
92     0.385490      8064
93     0.379205      8205
94     0.353038      8162
95     0.361823      8250
96     0.363080      8210
97     0.351815      8358
98     0.359197      8399
99     0.362100      8588
100     0.357209      8791
101     0.348836      8766
102     0.337067      8532
103     0.339378      8480
104     0.346359      8858
105     0.351912      9134
106     0.348969      9158
107     0.345175      9225
108     0.336961      9328
109     0.328673      9312
110     0.346361      9337
111     0.319822      9471
112     0.333491      9622
113     0.326719      9642
114     0.340118      10053
115     0.313654      9512
116     0.313630      9944
117     0.306913      9951
118     0.315587      9858
119     0.321437      10152
120     0.312510      10420
121     0.324729      10490
122     0.299958      10027
123     0.294250      10355
124     0.297699      10417
125     0.304429      10710
126     0.286867      10513
127     0.288725      11024
128     0.301936      10756
129     0.287602      10767
130     0.286540      10851
131     0.293144      10765
132     0.308200      11152
133     0.281606      11130
134     0.287826      11145
135     0.286487      11420
136     0.275294      11479
137     0.276230      11426
138     0.278875      11431
139     0.277007      11584
140     0.267706      11629
141     0.277431      11654
142     0.251704      11805
143     0.252481      11619
144     0.260195      11895
145     0.254692      11946
146     0.255938      12139
147     0.259121      11896
148     0.257877      12557
149     0.250128      12045
150     0.253096      12126
151     0.241596      12291
152     0.248604      12752
153     0.234537      12678
154     0.249713      12741
155     0.235160      12583
156     0.237157      12545
157     0.245744      12824
158     0.232897      12868
159     0.230559      12970
160     0.240626      12889
161     0.224021      13230
162     0.216548      13274
163     0.223640      13357
164     0.226027      13305
165     0.227017      13202
166     0.225952      13696
167     0.214666      13450
168     0.217956      13470
169     0.217406      13596
170     0.214461      13655
171     0.203511      13874
172     0.217164      13819
173     0.200148      13853
174     0.204756      13791
175     0.204011      14121
176     0.197799      14057
177     0.207286      14186
178     0.190459      14003
179     0.198337      14138
180     0.181455      14351
181     0.189355      14658
182     0.189485      14528
183     0.196397      14554
184     0.188398      14709
185     0.188116      14820
186     0.184900      14632
187     0.178830      14927
188     0.177620      14915
189     0.179555      14988
190     0.169879      15258
191     0.169742      15187
192     0.178794      15199
193     0.171480      15212
194     0.163629      15705
195     0.172192      15591
196     0.167115      15211
197     0.157804      15508
198     0.150251      15630
199     0.158044      15915
200     0.168351      15726
201     0.160084      15730
202     0.144998      15817
203     0.162866      15842
204     0.148334      16120
205     0.158091      16308
206     0.150551      16104
207     0.146502      16197
208     0.145770      16259
209     0.143983      16337
210     0.145017      16413
211     0.134953      16332
212     0.132992      16402
213     0.131273      16552
214     0.141935      16464
215     0.137404      16575
216     0.138448      16915
217     0.132442      16852
218     0.134476      16722
219     0.127348      17121
220     0.129579      17040
221     0.128447      16927
222     0.131546      17166
223     0.126402      17178
224     0.120038      17173
225     0.121549      17487
226     0.114098      17351
227     0.115184      17213
228     0.128392      17784
229     0.120413      17297
230     0.122633      17567
231     0.117157      17685
232     0.111093      17530
233     0.113892      17805
234     0.120964      17692
235     0.099399      18046
236     0.108098      17693
237     0.099415      18203
238     0.105666      18025
239     0.095069      18524
240     0.108826      18334
241     0.102518      18407
242     0.096628      18313
243     0.091600      18382
244     0.100747      18231
245     0.105842      18446
246     0.101110      18766
247     0.095113      18756
248     0.093152      18522
249     0.092075      18473
250     0.091649      18752
251     0.096508      18546
252     0.091142      19257
253     0.091923      19021
254     0.103275      18710
255     0.096165      19058
256     0.087522      19214
257     0.090113      18970
258     0.088081      19067
259     0.091701      19203
260     0.089570      19270
261     0.089182      19373
262     0.088375      19531
263     0.077830      19518
264     0.081138      19602
265     0.080622      19774
266     0.085905      19625
267     0.075165      19781
268     0.080795      19603
269     0.078946      19620
270     0.074632      19593
271     0.072072      20174
272     0.074719      20124
273     0.068015      20103
274     0.080244      20055
275     0.081016      20091
276     0.067219      20503
277     0.072349      20769
278     0.069283      20086
279     0.070780      20156
280     0.071204      20668
281     0.080043      20869
282     0.058115      20495
283     0.063343      20514
284     0.070750      20660
285     0.059181      20632
286     0.056242      20910
287     0.069789      20800
288     0.066547      20901
289     0.067109      20960
290     0.068192      21179
291     0.067047      20827
292     0.058359      21444
293     0.071521      21217
294     0.063799      21400
295     0.068508      21039
296     0.062958      21349
297     0.060643      21046
298     0.068532      21659
299     0.058322      21133
300     0.059056      21556
301     0.060773      21301
302     0.062573      21627
303     0.063467      21902
304     0.060246      21167
305     0.061903      21950
306     0.065673      21491
307     0.068839      21767
308     0.069187      21776
309     0.058340      22016
310     0.058308      21527
311     0.057716      22046
312     0.053012      22100
313     0.050149      22096
314     0.060025      22219
315     0.060516      21886
316     0.066587      22254
317     0.050296      22371
318     0.050528      22224
319     0.058744      22577
320     0.058118      22289
321     0.060453      22604
322     0.055941      22650
323     0.057877      22563
324     0.046409      22603
325     0.057915      22441
326     0.059080      22669
327     0.057300      22801
328     0.053231      22904
329     0.055550      22723
330     0.048198      23077
331     0.050905      22826
332     0.052117      22758
333     0.057269      23243
334     0.056594      22989
335     0.054600      23043
336     0.054879      23287
337     0.055662      23063
338     0.055184      23580
339     0.058576      23267
340     0.056831      22798
341     0.049052      23635
342     0.052167      23205
343     0.054801      23178
344     0.056158      23154
345     0.044159      23618
346     0.061241      23649
347     0.055748      23720
348     0.049536      23573
349     0.048478      23595
350     0.049002      23780
351     0.046896      23653
352     0.037081      23872
353     0.057560      24067
354     0.040809      23936
355     0.045628      24058
356     0.044977      24191
357     0.055260      24067
358     0.051603      24080
359     0.046707      23912
360     0.054989      24294
361     0.048514      24126
362     0.038369      24730
363     0.044765      24387
364     0.039059      24478
365     0.044287      23988
366     0.049308      24662
367     0.041716      24346
368     0.058200      24643
369     0.047040      24566
370     0.047673      24874
371     0.044959      24784
372     0.054223      24413
373     0.047900      24918
374     0.043324      25123
375     0.043266      24795
376     0.042745      24577
377     0.042443      25031
378     0.045110      24452
379     0.050471      25357
380     0.043851      24878
381     0.050908      24877
382     0.044228      24921
383     0.039700      25291
384     0.039638      25213
385     0.036862      25399
386     0.042165      25541
387     0.046504      25179
388     0.051729      25436
389     0.046473      25563
390     0.049761      25212
391     0.044902      25424
392     0.043683      25442
393     0.045244      25465
394     0.039751      25911
395     0.041176      25322
396     0.049722      25252
397     0.037737      25746
398     0.041186      26255
399     0.038544      25598
400     0.036821      25887
401     0.047407      25609
402     0.040011      25770
403     0.044532      25699
404     0.038775      25967
405     0.036937      26092
406     0.045812      26003
407     0.025951      25711
408     0.042597      25869
409     0.045650      26167
410     0.046560      25900
411     0.043412      25901
412     0.040153      26359
413     0.041610      26363
414     0.036931      26340
415     0.048579      26678
416     0.041540      26275
417     0.038034      26177
418     0.030389      26106
419     0.037525      26514
420     0.027599      26594
421     0.044817      26738
422     0.039745      26281
423     0.039462      26797
424     0.039277      26503
425     0.038522      26285
426     0.036831      26927
427     0.046536      26526
428     0.039345      26504
429     0.037749      26734
430     0.035956      26823
431     0.034105      26515
432     0.039834      27147
433     0.031330      26881
434     0.038568      26874
435     0.041153      26989
436     0.035202      26782
437     0.036252      27250
438     0.028979      26981
439     0.036791      27297
440     0.027489      27262
441     0.024398      26879
442     0.026547      27154
443     0.026692      27505
444     0.033971      27343
445     0.024909      27129
446     0.024060      27428
447     0.030865      27357
448     0.027377      26849
449     0.038546      27596
450     0.026065      27556
451     0.032293      27342
452     0.028824      27232
453     0.026431      27887
454     0.033572      27585
455     0.021317      27712
456     0.030225      27597
457     0.032377      28086
458     0.027336      27163
459     0.026348      28256
460     0.025586      27436
461     0.028031      27660
462     0.033215      27889
463     0.034398      27566
464     0.017257      28198
465     0.022565      27900
466     0.018497      27944
467     0.017759      27905
468     0.025168      28279
469     0.022378      28115
470     0.014997      27923
471     0.018660      27992
472     0.025107      27908
473     0.027703      27813
474     0.020937      28389
475     0.014419      27996
476     0.026285      28544
477     0.015331      28159
478     0.015216      28129
479     0.019184      28453
480     0.017223      28349
481     0.013591      28218
482     0.018962      28331
483     0.025009      28383
484     0.018956      28372
485     0.016938      28598
486     0.014211      28373
487     0.012055      28574
488     0.015429      28317
489     0.020478      28729
490     0.008906      28470
491     0.014964      28866
492     0.011052      28587
493     0.006568      28572
494     0.007566      28628
495     0.011912      28395
496     0.006172      28710
497     0.006037      28894
498     0.011719      28514
499     0.007272      28988
500     0.003692      28596
501     0.009837      28647
502     0.014276      28978
503     0.000503      29152
504     0.014168      29001
505     0.008241      28717
506     0.004341      29203
507     0.003919      28847
508     0.002447      29109
509     -0.001784      29093
510     0.006495      29118
511     0.001735      29011
512     0.003289      28990
513     0.000281      28884
514     -0.003096      29569
515     -0.002796      29057
516     -0.005027      29266
517     -0.003675      29174
518     -0.000293      28735
519     -0.000484      29468
520     -0.001418      29331
521     0.001072      29432
522     -0.000922      29123
523     -0.004233      29487
524     -0.005987      29285
525     -0.007764      29644
526     -0.010196      29182
527     -0.013205      29711
528     -0.005082      29591
529     -0.009908      29342
530     -0.004837      29617
531     -0.001529      29447
532     -0.011322      29786
533     -0.012458      29400
534     -0.008638      29519
535     -0.008545      29726
536     -0.011697      29892
537     -0.023473      29195
538     -0.012230      29720
539     -0.013934      29800
540     -0.019258      29700
541     -0.015961      29330
542     -0.015709      30196
543     -0.011339      29621
544     -0.028063      29626
545     -0.009263      30066
546     -0.015144      30129
547     -0.024454      29590
548     -0.022090      29779
549     -0.017404      29857
550     -0.018417      29985
551     -0.022531      30172
552     -0.016499      30339
553     -0.020953      30097
554     -0.021168      30098
555     -0.022214      30452
556     -0.024100      30022
557     -0.035769      30038
558     -0.025905      29657
559     -0.021269      30588
560     -0.029665      30086
561     -0.022745      30377
562     -0.023507      30063
563     -0.022627      30215
564     -0.025081      30165
565     -0.026352      30411
566     -0.021225      29826
567     -0.027499      30071
568     -0.026325      30568
569     -0.027357      30268
570     -0.022869      29921
571     -0.032911      30239
572     -0.030861      30365
573     -0.031641      30471
574     -0.029727      30577
575     -0.034136      30277
576     -0.037313      30640
577     -0.046063      30504
578     -0.032120      30608
579     -0.026582      30042
580     -0.035167      30688
581     -0.031996      30311
582     -0.032135      30410
583     -0.034880      30561
584     -0.030597      30610
585     -0.042239      30683
586     -0.033358      30766
587     -0.044870      30362
588     -0.041474      30645
589     -0.039401      30707
590     -0.037283      30393
591     -0.036912      30475
592     -0.033476      30080
593     -0.038544      30571
594     -0.041622      30547
595     -0.039968      31285
596     -0.033211      30970
597     -0.043000      30699
598     -0.042646      30660
599     -0.039346      30717
600     -0.045892      30731
601     -0.038432      30857
602     -0.040006      30846
603     -0.045532      30743
604     -0.052320      30690
605     -0.046203      30984
606     -0.040867      31038
607     -0.039171      31003
608     -0.040983      30712
609     -0.047776      30703
610     -0.044019      30982
611     -0.044360      30501
612     -0.042927      31159
613     -0.040487      30764
614     -0.045672      30916
615     -0.045089      30872
616     -0.045204      31100
617     -0.044940      30862
618     -0.040998      30798
619     -0.047536      30796
620     -0.040888      31199
621     -0.038777      30872
622     -0.047940      31067
623     -0.046817      31056
624     -0.045645      30922
625     -0.051164      30859
626     -0.039284      31320
627     -0.051412      30946
628     -0.043385      30399
629     -0.046664      30817
630     -0.045429      30752
631     -0.052973      31005
632     -0.053122      30952
633     -0.043794      31628
634     -0.042877      30981
635     -0.046020      31332
636     -0.049833      31042
637     -0.053517      30989
638     -0.045175      30831
639     -0.035216      31140
640     -0.046564      30858
641     -0.043766      31200
642     -0.046967      31016
643     -0.048214      31067
644     -0.041769      31138
645     -0.047557      31343
646     -0.048045      31434
647     -0.043389      31049
648     -0.042356      31269
649     -0.057493      31187
650     -0.042511      31694
651     -0.045305      31025
652     -0.045796      30986
653     -0.047799      31310
654     -0.036571      31346
655     -0.050507      30472
656     -0.043304      31067
657     -0.053489      31203
658     -0.048698      31234
659     -0.045062      31408
660     -0.048381      31508
661     -0.047682      31127
662     -0.049463      31224
663     -0.043015      31487
664     -0.046201      30923
665     -0.036741      31319
666     -0.050869      31296
667     -0.049273      31520
668     -0.039833      31061
669     -0.044884      31678
670     -0.045288      31084
671     -0.043790      30999
672     -0.036201      31463
673     -0.042249      31277
674     -0.042486      31320
675     -0.036082      31085
676     -0.040567      31003
677     -0.041178      31228
678     -0.041674      31430
679     -0.047761      31607
680     -0.039609      31317
681     -0.046762      30899
682     -0.040089      31972
683     -0.041369      30971
684     -0.050211      31298
685     -0.035232      31109
686     -0.036794      31379
687     -0.041206      31257
688     -0.043226      31556
689     -0.047680      31114
690     -0.040434      31777
691     -0.046077      31162
692     -0.040241      31391
693     -0.042564      31155
694     -0.048888      31314
695     -0.033512      31440
696     -0.049421      31277
697     -0.027127      31162
698     -0.037354      31228
699     -0.036313      31432
700     -0.031110      31228
701     -0.036463      31287
702     -0.032570      31492
703     -0.036416      31308
704     -0.040573      31351
705     -0.037824      31348
706     -0.041910      31291
707     -0.038050      31519
708     -0.038370      31038
709     -0.030421      31303
710     -0.038377      31299
711     -0.037054      31234
712     -0.034581      31248
713     -0.038293      31520
714     -0.037734      31298
715     -0.039621      31617
716     -0.029354      31574
717     -0.035403      31055
718     -0.034527      31080
719     -0.038780      31662
720     -0.036986      31457
721     -0.037015      30808
722     -0.037254      31256
723     -0.035073      31217
724     -0.041990      31390
725     -0.033428      31149
726     -0.035203      31223
727     -0.027538      31379
728     -0.030001      31353
729     -0.036708      31550
730     -0.040258      31686
731     -0.043161      31158
732     -0.041987      31378
733     -0.030063      31186
734     -0.032168      31181
735     -0.035566      31439
736     -0.034538      31201
737     -0.037776      31357
738     -0.026453      31309
739     -0.027040      31826
740     -0.039245      31031
741     -0.032797      31292
742     -0.034529      31414
743     -0.031762      31264
744     -0.033320      30820
745     -0.029502      31286
746     -0.033831      31010
747     -0.026143      31116
748     -0.026495      31365
749     -0.029137      31468
750     -0.029948      31064
751     -0.034915      31016
752     -0.036884      31341
753     -0.034386      31265
754     -0.031063      31605
755     -0.031287      31180
756     -0.028301      31106
757     -0.032436      31007
758     -0.021939      31363
759     -0.027277      31254
760     -0.032629      31189
761     -0.034045      31212
762     -0.023236      30760
763     -0.031846      31205
764     -0.028843      31535
765     -0.027799      31312
766     -0.035598      31047
767     -0.032469      31400
768     -0.030525      31280
769     -0.029424      31081
770     -0.026097      30638
771     -0.033877      30963
772     -0.030729      31210
773     -0.027719      31051
774     -0.034030      30893
775     -0.028641      31516
776     -0.027892      31255
777     -0.029570      31148
778     -0.028228      30992
779     -0.027759      31037
780     -0.024342      31177
781     -0.028907      31171
782     -0.023542      31092
783     -0.033489      31056
784     -0.026231      31270
785     -0.032058      31359
786     -0.028112      30824
787     -0.030671      31098
788     -0.027567      31286
789     -0.029506      30780
790     -0.031710      31303
791     -0.039700      31165
792     -0.026195      31073
793     -0.027851      30815
794     -0.035816      30841
795     -0.023699      31200
796     -0.025280      30923
797     -0.029162      30868
798     -0.026759      31155
799     -0.033432      31212
800     -0.019476      30848
801     -0.024501      31429
802     -0.024017      30741
803     -0.031472      30856
804     -0.030979      31006
805     -0.036031      30739
806     -0.032326      30739
807     -0.027896      31000
808     -0.030706      31055
809     -0.027073      31032
810     -0.028787      31325
811     -0.029768      30873
812     -0.030360      30527
813     -0.026566      31134
814     -0.028873      30937
815     -0.026869      30756
816     -0.024617      30958
817     -0.026157      31067
818     -0.027195      30746
819     -0.034985      31005
820     -0.028822      30918
821     -0.033407      30505
822     -0.028972      30816
823     -0.023535      30804
824     -0.025051      30523
825     -0.020776      30549
826     -0.022821      30807
827     -0.031722      30631
828     -0.028026      31009
829     -0.029125      30501
830     -0.034982      30656
831     -0.027085      30344
832     -0.024684      30987
833     -0.023937      30748
834     -0.029138      30645
835     -0.037814      30672
836     -0.026710      30530
837     -0.033368      30530
838     -0.031815      30548
839     -0.027650      30357
840     -0.030898      30488
841     -0.028618      30504
842     -0.022225      30432
843     -0.025351      30527
844     -0.042725      30359
845     -0.029650      30594
846     -0.023302      30316
847     -0.023811      30600
848     -0.032172      30437
849     -0.028152      30115
850     -0.032581      30046
851     -0.016903      30414
852     -0.025823      30308
853     -0.034969      30364
854     -0.033730      30187
855     -0.020829      30369
856     -0.025406      30152
857     -0.030762      30106
858     -0.026152      30364
859     -0.026285      30498
860     -0.038799      30251
861     -0.034446      30131
862     -0.021138      30249
863     -0.028403      30026
864     -0.034480      30063
865     -0.029387      30418
866     -0.023036      30554
867     -0.029819      30154
868     -0.016038      29958
869     -0.024725      30261
870     -0.032373      30209
871     -0.030473      30097
872     -0.023332      30316
873     -0.038567      29934
874     -0.030573      29897
875     -0.025410      29833
876     -0.025062      30360
877     -0.027849      29983
878     -0.027018      29604
879     -0.031120      29854
880     -0.020894      29957
881     -0.025413      30251
882     -0.031379      30192
883     -0.027319      29716
884     -0.024307      29733
885     -0.022464      29608
886     -0.025025      30003
887     -0.027022      29904
888     -0.033312      29988
889     -0.024256      29838
890     -0.023661      29478
891     -0.025576      29822
892     -0.026250      29565
893     -0.031563      29691
894     -0.027064      29614
895     -0.029313      29499
896     -0.020075      29571
897     -0.016040      29384
898     -0.030784      29423
899     -0.025787      29427
900     -0.023542      29547
901     -0.026568      29559
902     -0.021098      29873
903     -0.018479      29132
904     -0.023336      29572
905     -0.015907      29599
906     -0.018114      29770
907     -0.019590      29157
908     -0.017518      28910
909     -0.016315      29506
910     -0.020407      29020
911     -0.015091      29553
912     -0.022936      29314
913     -0.023552      29087
914     -0.031219      29163
915     -0.018936      29290
916     -0.028111      29286
917     -0.021301      29209
918     -0.021390      28960
919     -0.018873      29137
920     -0.021595      28959
921     -0.016087      29696
922     -0.017975      28615
923     -0.020649      29108
924     -0.024898      29157
925     -0.017725      28862
926     -0.017009      28714
927     -0.019439      29061
928     -0.015395      29053
929     -0.016438      28799
930     -0.018102      29258
931     -0.015361      28895
932     -0.018606      28880
933     -0.017271      28958
934     -0.017033      29287
935     -0.018390      28346
936     -0.011202      29095
937     -0.018547      28800
938     -0.014931      28633
939     -0.014342      28653
940     -0.009908      28397
941     -0.011941      28435
942     -0.004884      28742
943     -0.007900      28741
944     -0.012726      28457
945     -0.019228      28428
946     -0.006930      28163
947     -0.021156      28509
948     -0.015964      28592
949     -0.013638      28157
950     -0.015921      28437
951     -0.012037      28348
952     -0.008932      28417
953     -0.010631      28411
954     -0.012894      28370
955     -0.004743      28741
956     -0.004052      28198
957     -0.010332      28735
958     -0.003125      28102
959     -0.001899      28308
960     -0.003493      28173
961     -0.010334      28032
962     -0.012500      28216
963     -0.008799      27778
964     -0.008912      28171
965     -0.004588      28300
966     -0.012762      27992
967     -0.008268      28425
968     -0.010310      28167
969     -0.019611      27908
970     -0.013704      27941
971     -0.011273      28098
972     -0.012236      27980
973     -0.003619      28057
974     -0.005255      28128
975     -0.004902      27673
976     -0.006435      28051
977     -0.007061      27586
978     -0.002763      27685
979     -0.008135      28210
980     -0.016366      27540
981     -0.001664      27461
982     -0.004606      27846
983     -0.007043      27585
984     -0.004084      27679
985     -0.005030      27842
986     -0.003734      27375
987     -0.008046      27906
988     0.000682      27352
989     -0.002057      27646
990     -0.012078      27148
991     0.005498      27645
992     -0.008086      27607
993     -0.000991      27460
994     -0.009046      27177
995     0.011124      27843
996     0.000905      27411
997     -0.000864      27193
998     0.002615      27075
999     0.005314      27549
1000     0.009362      27022
1001     0.005433      27448
1002     0.004757      27015
1003     0.003995      27206
1004     0.009498      27348
1005     0.007689      27025
1006     0.009238      26927
1007     -0.000199      27190
1008     0.004544      27119
1009     0.006614      26981
1010     0.003220      27066
1011     0.012935      26795
1012     0.008699      26928
1013     0.002081      26992
1014     0.005381      26707
1015     0.010764      27091
1016     0.004109      26723
1017     0.011894      26690
1018     0.017415      26658
1019     0.005455      26493
1020     0.016138      27017
1021     0.017496      26669
1022     0.013404      26114
1023     0.008468      26587
1024     0.013771      26386
1025     0.013599      26791
1026     0.007357      26235
1027     0.009470      26263
1028     0.013119      26542
1029     0.016411      26245
1030     0.004910      26558
1031     0.016038      25925
1032     0.018694      26884
1033     0.023504      26134
1034     0.019516      26302
1035     0.023161      26251
1036     0.019415      26298
1037     0.017053      26196
1038     0.014841      26203
1039     0.017850      26341
1040     0.013069      26156
1041     0.019788      26176
1042     0.026920      26139
1043     0.023074      25578
1044     0.019605      26030
1045     0.033032      26150
1046     0.021080      26044
1047     0.026843      25911
1048     0.024354      25919
1049     0.018870      25785
1050     0.021536      25978
1051     0.024409      25691
1052     0.030484      25811
1053     0.023296      25366
1054     0.025308      25538
1055     0.019257      25720
1056     0.027121      26022
1057     0.032540      25466
1058     0.026754      25589
1059     0.028483      25168
1060     0.037269      25768
1061     0.028235      25557
1062     0.019793      25152
1063     0.034307      25430
1064     0.043556      25271
1065     0.028706      25510
1066     0.031935      25340
1067     0.026134      25379
1068     0.030739      25310
1069     0.034802      25509
1070     0.034010      25429
1071     0.025304      25069
1072     0.031083      25086
1073     0.045056      24812
1074     0.036789      25143
1075     0.037432      24818
1076     0.036012      25064
1077     0.044905      25058
1078     0.037346      24890
1079     0.036476      24854
1080     0.037294      24996
1081     0.044890      24903
1082     0.029027      24723
1083     0.027851      24735
1084     0.039623      24918
1085     0.045651      24640
1086     0.044387      24779
1087     0.051856      24780
1088     0.040477      24553
1089     0.042030      24160
1090     0.037475      24347
1091     0.048003      24639
1092     0.038241      24492
1093     0.047348      24702
1094     0.046178      24058
1095     0.044638      24413
1096     0.050335      24204
1097     0.055321      24436
1098     0.053311      24440
1099     0.047052      24282
1100     0.050103      24094
1101     0.051735      24038
1102     0.046125      23908
1103     0.047869      24324
1104     0.047234      23767
1105     0.060236      23926
1106     0.051902      24139
1107     0.049208      23921
1108     0.044614      23775
1109     0.050756      24100
1110     0.051978      23981
1111     0.054911      23686
1112     0.064192      24039
1113     0.058346      23873
1114     0.056144      23834
1115     0.060197      23711
1116     0.054524      24004
1117     0.058582      23216
1118     0.054304      23728
1119     0.064235      23516
1120     0.055994      23774
1121     0.063133      23471
1122     0.052006      23613
1123     0.060042      23275
1124     0.057808      23225
1125     0.044637      23389
1126     0.062139      23155
1127     0.062705      23138
1128     0.056122      23047
1129     0.049635      23125
1130     0.066862      23009
1131     0.071391      23279
1132     0.056772      23017
1133     0.068910      23030
1134     0.068302      22896
1135     0.075706      23139
1136     0.065918      22612
1137     0.065568      23123
1138     0.074783      22915
1139     0.074701      22710
1140     0.069105      22670
1141     0.074255      22636
1142     0.074414      22873
1143     0.074638      22818
1144     0.067369      22483
1145     0.072998      22600
1146     0.063587      22721
1147     0.076737      22387
1148     0.077481      22722
1149     0.071515      22390
1150     0.076692      22416
1151     0.069731      22495
1152     0.075427      22514
1153     0.073476      22213
1154     0.077157      22259
1155     0.073722      22169
1156     0.073002      22484
1157     0.072780      22230
1158     0.082685      22092
1159     0.078905      22008
1160     0.075719      21922
1161     0.082722      22062
1162     0.089023      22162
1163     0.074728      22116
1164     0.085219      22018
1165     0.076944      21864
1166     0.082116      21726
1167     0.087791      22066
1168     0.084094      21666
1169     0.081469      21444
1170     0.086880      21625
1171     0.077380      21536
1172     0.084037      21842
1173     0.084177      21739
1174     0.090800      21353
1175     0.082107      21744
1176     0.081919      21165
1177     0.085735      21446
1178     0.081207      21403
1179     0.084248      21264
1180     0.094815      21354
1181     0.096017      21586
1182     0.090447      21208
1183     0.092249      20994
1184     0.090719      21150
1185     0.088453      21050
1186     0.089837      21276
1187     0.082160      21081
1188     0.092130      20820
1189     0.085199      21009
1190     0.091233      21062
1191     0.090125      21010
1192     0.089581      20870
1193     0.090225      20839
1194     0.083953      20520
1195     0.089122      20632
1196     0.092757      20848
1197     0.089674      20548
1198     0.091361      20540
1199     0.088571      20772
1200     0.094301      20520
1201     0.099669      20206
1202     0.088752      20374
1203     0.090524      20837
1204     0.087354      20219
1205     0.092891      20295
1206     0.091921      20134
1207     0.097564      20405
1208     0.099290      19907
1209     0.085544      20037
1210     0.096581      20213
1211     0.107238      20013
1212     0.084121      19856
1213     0.094720      20087
1214     0.095314      19940
1215     0.098759      19953
1216     0.091056      19849
1217     0.095725      19713
1218     0.103487      19680
1219     0.090534      19588
1220     0.094295      19808
1221     0.103621      19678
1222     0.091894      19627
1223     0.098350      19553
1224     0.103387      19751
1225     0.094349      19267
1226     0.097348      19554
1227     0.101909      19356
1228     0.096666      19130
1229     0.090831      19054
1230     0.097179      19264
1231     0.086003      18997
1232     0.093363      19259
1233     0.096107      19104
1234     0.100337      19230
1235     0.103771      19001
1236     0.093190      19019
1237     0.107958      18945
1238     0.097671      18714
1239     0.100339      18749
1240     0.101799      18625
1241     0.101164      18685
1242     0.093326      18881
1243     0.099947      18725
1244     0.101490      18745
1245     0.100012      18586
1246     0.100531      18467
1247     0.102329      18459
1248     0.094436      18442
1249     0.103682      18451
1250     0.102428      18358
1251     0.096053      18241
1252     0.108619      18439
1253     0.118468      18238
1254     0.111306      18092
1255     0.098994      18221
1256     0.099020      17936
1257     0.100743      18109
1258     0.090809      17830
1259     0.100100      17740
1260     0.110692      18117
1261     0.111139      18030
1262     0.104567      17857
1263     0.109793      17824
1264     0.108004      17849
1265     0.108622      17612
1266     0.105571      17853
1267     0.110911      17644
1268     0.105987      17418
1269     0.105205      17548
1270     0.101135      17334
1271     0.111019      17614
1272     0.108279      17342
1273     0.109197      17299
1274     0.107679      16911
1275     0.111933      17284
1276     0.103271      17206
1277     0.107139      17222
1278     0.102858      16889
1279     0.104872      16920
1280     0.103174      17245
1281     0.095104      16896
1282     0.104354      16761
1283     0.102067      17151
1284     0.115712      17060
1285     0.106477      16727
1286     0.101010      16790
1287     0.108746      16674
1288     0.107677      16594
1289     0.115352      16772
1290     0.107477      16527
1291     0.107787      16627
1292     0.108201      16241
1293     0.106960      16193
1294     0.101264      16512
1295     0.104972      16422
1296     0.104282      16241
1297     0.124771      16118
1298     0.110252      16156
1299     0.093851      16037
1300     0.114130      16337
1301     0.104917      15847
1302     0.107485      16402
1303     0.115795      15948
1304     0.103106      15699
1305     0.108601      15933
1306     0.097396      15699
1307     0.108952      15899
1308     0.105754      15828
1309     0.116974      15673
1310     0.112883      15443
1311     0.103746      15616
1312     0.111949      15564
1313     0.114817      15713
1314     0.119130      15333
1315     0.111793      15590
1316     0.104155      15176
1317     0.095229      15367
1318     0.111098      15323
1319     0.116653      15391
1320     0.111867      15298
1321     0.112499      15279
1322     0.098427      14904
1323     0.111125      15123
1324     0.099663      14951
1325     0.115115      15165
1326     0.112502      15086
1327     0.108111      14785
1328     0.106983      15104
1329     0.112859      14941
1330     0.124436      14767
1331     0.116422      14549
1332     0.124575      14577
1333     0.105412      14549
1334     0.116963      14504
1335     0.111190      14518
1336     0.123086      14501
1337     0.115804      14691
1338     0.116947      14359
1339     0.105405      14228
1340     0.112969      14368
1341     0.110637      14291
1342     0.115659      14387
1343     0.109332      14164
1344     0.117508      14025
1345     0.117182      14114
1346     0.121610      14141
1347     0.121691      13918
1348     0.116552      14091
1349     0.105736      13918
1350     0.125005      13856
1351     0.111797      13763
1352     0.116250      13903
1353     0.115020      13863
1354     0.124718      13586
1355     0.132493      13707
1356     0.110052      13647
1357     0.110344      13425
1358     0.117053      13683
1359     0.119913      13551
1360     0.135657      13483
1361     0.125809      13330
1362     0.110780      13515
1363     0.116325      13364
1364     0.120757      13285
1365     0.119069      13150
1366     0.120236      13122
1367     0.120474      13097
1368     0.116834      13050
1369     0.130432      13072
1370     0.119643      12973
1371     0.126541      12887
1372     0.117503      12963
1373     0.118203      12658
1374     0.126364      12824
1375     0.125304      12423
1376     0.121740      12584
1377     0.134794      12681
1378     0.131104      12579
1379     0.136929      12377
1380     0.130657      12652
1381     0.125683      12458
1382     0.118964      12461
1383     0.126462      12418
1384     0.129389      12205
1385     0.126411      12176
1386     0.134547      12094
1387     0.127651      12193
1388     0.126123      12145
1389     0.132439      12250
1390     0.142348      12033
1391     0.124435      12014
1392     0.137788      11927
1393     0.132239      11600
1394     0.123702      11791
1395     0.129082      11643
1396     0.126198      11661
1397     0.132467      11768
1398     0.132422      11608
1399     0.127924      11458
1400     0.132322      11535
1401     0.134299      11246
1402     0.132315      11578
1403     0.133007      11334
1404     0.124294      11426
1405     0.135864      11155
1406     0.118638      11242
1407     0.133748      11075
1408     0.135766      11055
1409     0.139015      11135
1410     0.133782      10883
1411     0.133967      10896
1412     0.134440      10933
1413     0.139875      10854
1414     0.129440      11069
1415     0.134187      10700
1416     0.135203      10656
1417     0.144278      10677
1418     0.117605      10353
1419     0.121253      10843
1420     0.125266      10572
1421     0.127308      10380
1422     0.130054      10368
1423     0.141284      10301
1424     0.140854      10446
1425     0.116234      10040
1426     0.140090      10363
1427     0.119837      9950
1428     0.118842      9970
1429     0.135035      10022
1430     0.131273      10018
1431     0.131341      9955
1432     0.115937      9614
1433     0.129250      9851
1434     0.123802      9926
1435     0.126038      9780
1436     0.141257      9690
1437     0.125995      9710
1438     0.116660      9429
1439     0.129490      9520
1440     0.137461      9390
1441     0.125724      9358
1442     0.117481      9180
1443     0.136023      9307
1444     0.127101      9346
1445     0.127622      9169
1446     0.129269      9254
1447     0.114548      8992
1448     0.115704      8988
1449     0.119097      8861
1450     0.123658      8991
1451     0.121800      8986
1452     0.122082      8686
1453     0.129335      8922
1454     0.119561      8690
1455     0.121662      8656
1456     0.131858      8474
1457     0.113215      8577
1458     0.112611      8465
1459     0.118567      8219
1460     0.112966      8457
1461     0.114242      8108
1462     0.129366      8201
1463     0.119359      8280
1464     0.120597      8258
1465     0.114775      8098
1466     0.125088      8001
1467     0.116995      7924
1468     0.104602      7906
1469     0.123097      7899
1470     0.122294      7874
1471     0.120457      7780
1472     0.113833      7815
1473     0.103955      7676
1474     0.120979      7650
1475     0.116292      7502
1476     0.117128      7573
1477     0.091904      7347
1478     0.092645      7475
1479     0.113633      7286
1480     0.093219      7296
1481     0.093006      7358
1482     0.106124      7374
1483     0.094120      7103
1484     0.105185      6991
1485     0.092566      7027
1486     0.114711      6935
1487     0.106530      6895
1488     0.098726      6847
1489     0.084212      6897
1490     0.085653      6778
1491     0.080877      6952
1492     0.080599      6524
1493     0.062244      6605
1494     0.087378      6531
1495     0.065959      6522
1496     0.086373      6317
1497     0.083897      6334
1498     0.069304      6418
1499     0.077467      6210
1500     0.078315      6282
1501     0.073040      6214
1502     0.072649      6108
1503     0.077810      6097
1504     0.086932      5940
1505     0.059229      5884
1506     0.063347      5974
1507     0.063464      5986
1508     0.070340      5739
1509     0.069243      5904
1510     0.068605      5743
1511     0.057688      5788
1512     0.062164      5584
1513     0.060811      5644
1514     0.062202      5611
1515     0.074392      5691
1516     0.080040      5529
1517     0.040778      5498
1518     0.055954      5368
1519     0.057784      5378
1520     0.049288      5391
1521     0.049753      5435
1522     0.048160      5324
1523     0.047674      5268
1524     0.047893      5177
1525     0.043274      5157
1526     0.062581      4941
1527     0.046871      5088
1528     0.034822      5120
1529     0.022512      4920
1530     0.029390      5125
1531     0.016679      5143
1532     0.035023      4965
1533     0.035898      4904
1534     0.050607      4856
1535     0.030015      4779
1536     0.048583      4798
1537     0.023069      4725
1538     0.014550      4780
1539     0.028358      4703
1540     0.040541      4784
1541     0.010061      4765
1542     -0.002103      4589
1543     0.038710      4522
1544     -0.000066      4574
1545     0.002871      4612
1546     0.034876      4434
1547     0.009118      4586
1548     0.016110      4410
1549     0.004724      4421
1550     0.005801      4320
1551     0.007535      4336
1552     0.016880      4302
1553     0.017340      4359
1554     0.008179      4253
1555     0.004214      4139
1556     0.012135      4186
1557     0.012183      4110
1558     0.000471      4204
1559     0.003371      4153
1560     -0.006658      4001
1561     -0.013854      4000
1562     0.017253      3975
1563     -0.007786      4112
1564     -0.005204      4036
1565     -0.001212      3848
1566     -0.013865      3885
1567     0.001383      3943
1568     -0.015756      3896
1569     -0.003254      3835
1570     -0.016104      3886
1571     -0.009820      3770
1572     -0.035651      3728
1573     -0.025567      3589
1574     -0.018480      3666
1575     -0.028273      3752
1576     -0.026578      3626
1577     -0.011997      3621
1578     -0.026542      3519
1579     -0.017373      3568
1580     -0.014615      3510
1581     -0.028748      3568
1582     -0.028136      3507
1583     -0.042689      3380
1584     -0.034885      3453
1585     -0.040716      3304
1586     -0.035887      3434
1587     -0.052984      3429
1588     -0.048124      3444
1589     -0.040769      3303
1590     -0.046157      3330
1591     -0.049429      3314
1592     -0.047731      3320
1593     -0.045603      3302
1594     -0.050293      3270
1595     -0.055544      3244
1596     -0.051546      3205
1597     -0.035962      3163
1598     -0.064118      3225
1599     -0.053749      3116
1600     -0.053528      3135
1601     -0.048059      3090
1602     -0.072794      3085
1603     -0.074138      2977
1604     -0.067940      2916
1605     -0.057308      3045
1606     -0.057435      2934
1607     -0.052897      2992
1608     -0.082872      2929
1609     -0.071538      2994
1610     -0.093761      2916
1611     -0.071840      2820
1612     -0.098463      2803
1613     -0.082827      2834
1614     -0.057168      2794
1615     -0.069525      2816
1616     -0.084260      2730
1617     -0.056028      2786
1618     -0.103504      2675
1619     -0.100197      2731
1620     -0.098114      2660
1621     -0.100889      2691
1622     -0.092704      2663
1623     -0.101615      2609
1624     -0.080686      2590
1625     -0.109894      2577
1626     -0.123333      2599
1627     -0.100802      2580
1628     -0.117392      2585
1629     -0.078399      2546
1630     -0.126655      2402
1631     -0.094070      2393
1632     -0.092152      2495
1633     -0.122169      2569
1634     -0.108997      2418
1635     -0.110397      2392
1636     -0.110206      2456
1637     -0.102779      2322
1638     -0.124525      2380
1639     -0.105979      2316
1640     -0.102847      2300
1641     -0.132879      2287
1642     -0.099514      2347
1643     -0.085782      2280
1644     -0.116058      2214
1645     -0.140538      2288
1646     -0.111385      2263
1647     -0.117384      2181
1648     -0.132067      2165
1649     -0.129352      2178
1650     -0.143181      2125
1651     -0.133583      2210
1652     -0.109231      2141
1653     -0.127252      2141
1654     -0.138421      2118
1655     -0.153692      2117
1656     -0.142649      2130
1657     -0.153882      2075
1658     -0.139908      2100
1659     -0.167505      2040
1660     -0.165293      1998
1661     -0.147434      1975
1662     -0.164740      1996
1663     -0.165352      2069
1664     -0.137656      1908
1665     -0.170950      1987
1666     -0.192805      1831
1667     -0.179748      1945
1668     -0.165544      1930
1669     -0.194682      1855
1670     -0.200791      1876
1671     -0.166175      1838
1672     -0.189865      1837
1673     -0.167568      1793
1674     -0.184968      1835
1675     -0.195616      1842
1676     -0.191100      1781
1677     -0.199421      1778
1678     -0.194125      1737
1679     -0.184219      1775
1680     -0.213638      1687
1681     -0.212267      1756
1682     -0.170249      1711
1683     -0.202575      1587
1684     -0.190029      1642
1685     -0.207744      1666
1686     -0.181152      1627
1687     -0.215817      1588
1688     -0.253126      1618
1689     -0.203375      1671
1690     -0.251289      1612
1691     -0.206056      1609
1692     -0.190217      1557
1693     -0.199312      1512
1694     -0.263522      1606
1695     -0.200382      1568
1696     -0.193798      1533
1697     -0.219231      1543
1698     -0.234287      1515
1699     -0.241271      1504
1700     -0.188775      1549
1701     -0.233402      1480
1702     -0.226284      1451
1703     -0.231315      1455
1704     -0.216407      1437
1705     -0.229826      1452
1706     -0.209382      1415
1707     -0.230863      1431
1708     -0.266536      1333
1709     -0.227667      1416
1710     -0.241427      1390
1711     -0.186544      1344
1712     -0.252521      1304
1713     -0.227788      1302
1714     -0.268777      1360
1715     -0.254378      1284
1716     -0.228269      1299
1717     -0.193715      1318
1718     -0.259379      1274
1719     -0.227022      1298
1720     -0.249562      1241
1721     -0.265660      1264
1722     -0.233398      1238
1723     -0.253945      1176
1724     -0.280250      1133
1725     -0.274373      1244
1726     -0.220663      1239
1727     -0.262980      1163
1728     -0.246194      1177
1729     -0.244897      1229
1730     -0.289984      1089
1731     -0.263288      1199
1732     -0.292829      1130
1733     -0.275481      1118
1734     -0.256190      1124
1735     -0.251246      1149
1736     -0.237106      1127
1737     -0.302563      1060
1738     -0.278090      1085
1739     -0.288972      1135
1740     -0.280749      1077
1741     -0.271559      1010
1742     -0.282271      1032
1743     -0.284512      1027
1744     -0.270865      1030
1745     -0.262599      1030
1746     -0.261173      1070
1747     -0.274472      973
1748     -0.273512      988
1749     -0.252785      963
1750     -0.282808      948
1751     -0.289498      1004
1752     -0.257836      958
1753     -0.253365      981
1754     -0.259793      943
1755     -0.318687      919
1756     -0.276097      954
1757     -0.311958      907
1758     -0.304166      893
1759     -0.291754      902
1760     -0.282581      876
1761     -0.302913      889
1762     -0.267333      867
1763     -0.311756      885
1764     -0.291271      865
1765     -0.268516      878
1766     -0.307232      908
1767     -0.302364      831
1768     -0.251496      855
1769     -0.317051      781
1770     -0.299258      852
1771     -0.311368      814
1772     -0.289721      794
1773     -0.241678      836
1774     -0.234176      753
1775     -0.290396      755
1776     -0.261096      786
1777     -0.267593      736
1778     -0.292236      736
1779     -0.331376      753
1780     -0.280815      756
1781     -0.315860      696
1782     -0.302652      736
1783     -0.294184      706
1784     -0.226068      693
1785     -0.266988      690
1786     -0.234962      748
1787     -0.308360      674
1788     -0.279258      723
1789     -0.326170      635
1790     -0.297333      748
1791     -0.292664      694
1792     -0.265788      683
1793     -0.310732      664
1794     -0.298365      621
1795     -0.319779      645
1796     -0.258812      687
1797     -0.301654      655
1798     -0.251465      645
1799     -0.309151      617
1800     -0.301699      597
1801     -0.305205      622
1802     -0.284654      588
1803     -0.251217      592
1804     -0.257840      645
1805     -0.324990      587
1806     -0.288942      558
1807     -0.292959      562
1808     -0.336149      559
1809     -0.269964      541
1810     -0.304038      559
1811     -0.289975      576
1812     -0.238844      586
1813     -0.273593      535
1814     -0.293274      534
1815     -0.303560      477
1816     -0.244950      554
1817     -0.302188      548
1818     -0.254806      541
1819     -0.306363      488
1820     -0.242074      463
1821     -0.275001      480
1822     -0.296189      503
1823     -0.224524      503
1824     -0.279459      490
1825     -0.273660      484
1826     -0.288009      464
1827     -0.245436      465
1828     -0.253024      456
1829     -0.299380      444
1830     -0.235493      453
1831     -0.216772      455
1832     -0.326026      451
1833     -0.214596      452
1834     -0.312999      422
1835     -0.280523      443
1836     -0.235892      443
1837     -0.254196      439
1838     -0.267412      407
1839     -0.322297      410
1840     -0.277573      407
1841     -0.267554      366
1842     -0.250972      412
1843     -0.237493      420
1844     -0.262928      395
1845     -0.228523      382
1846     -0.237082      396
1847     -0.241147      366
1848     -0.283783      383
1849     -0.266777      384
1850     -0.156934      381
1851     -0.264259      374
1852     -0.273742      337
1853     -0.271012      342
1854     -0.319575      345
1855     -0.332819      348
1856     -0.255585      328
1857     -0.297856      332
1858     -0.196895      305
1859     -0.300154      320
1860     -0.268378      297
1861     -0.276192      331
1862     -0.309927      339
1863     -0.292928      313
1864     -0.247859      270
1865     -0.224590      280
1866     -0.225423      304
1867     -0.282699      313
1868     -0.280905      293
1869     -0.281914      295
1870     -0.201058      280
1871     -0.246256      285
1872     -0.257068      269
1873     -0.265462      279
1874     -0.231216      267
1875     -0.285451      264
1876     -0.337919      252
1877     -0.261332      272
1878     -0.247545      263
1879     -0.262780      246
1880     -0.192990      241
1881     -0.205657      238
1882     -0.238074      220
1883     -0.251281      234
1884     -0.165476      263
1885     -0.210759      231
1886     -0.196231      211
1887     -0.178967      209
1888     -0.184868      223
1889     -0.236403      219
1890     -0.235310      226
1891     -0.233477      193
1892     -0.136361      236
1893     -0.231585      205
1894     -0.276146      216
1895     -0.256173      182
1896     -0.215749      206
1897     -0.206976      218
1898     -0.201391      183
1899     -0.197741      170
1900     -0.253294      184
1901     -0.191507      201
1902     -0.167025      189
1903     -0.312669      189
1904     -0.143379      198
1905     -0.239897      175
1906     -0.123728      179
1907     -0.279815      177
1908     -0.187059      149
1909     -0.152240      190
1910     -0.156290      155
1911     -0.215764      176
1912     -0.168292      162
1913     -0.250149      161
1914     -0.120935      171
1915     -0.196030      165
1916     -0.211481      152
1917     -0.063295      147
1918     -0.136051      171
1919     -0.226505      143
1920     -0.132360      136
1921     -0.188773      159
1922     -0.184158      122
1923     -0.165250      138
1924     -0.081404      124
1925     -0.048191      120
1926     -0.196646      125
1927     -0.152579      119
1928     -0.246655      140
1929     -0.187175      130
1930     -0.167509      116
1931     -0.267704      119
1932     -0.031416      97
1933     -0.254630      103
1934     -0.181167      109
1935     -0.092275      127
1936     -0.146172      109
1937     -0.143220      118
1938     -0.098845      104
1939     -0.143137      99
1940     -0.113021      109
1941     -0.065372      111
1942     -0.258863      106
1943     -0.128400      104
1944     -0.006669      92
1945     -0.103556      77
1946     -0.287889      101
1947     -0.047467      102
1948     -0.219713      97
1949     -0.000992      67
1950     -0.187929      80
1951     -0.030905      71
1952     -0.232050      65
1953     -0.151217      92
1954     -0.209567      90
1955     -0.137300      77
1956     -0.106187      66
1957     -0.120523      52
1958     -0.068828      64
1959     -0.006663      70
1960     -0.012926      83
1961     -0.204995      61
1962     -0.020277      69
1963     0.030078      53
1964     -0.099176      59
1965     -0.066079      82
1966     -0.062948      51
1967     -0.067604      61
1968     -0.095296      69
1969     -0.139320      67
1970     -0.089770      50
1971     -0.083445      49
1972     -0.004592      59
1973     0.005712      54
1974     0.015470      57
1975     -0.147359      42
1976     0.092057      43
1977     0.136195      52
1978     -0.115547      38
1979     -0.055853      52
1980     0.115529      50
1981     0.197907      50
1982     0.029977      46
1983     0.044956      42
1984     0.065387      32
1985     0.082956      31
1986     0.140935      37
1987     0.133115      44
1988     0.121337      39
1989     0.114755      35
1990     0.154756      34
1991     0.166209      33
1992     -0.179549      22
1993     0.275620      28
1994     0.112306      26
1995     0.264530      30
1996     0.001918      32
1997     0.151076      22
1998     0.054886      23
1999     0.275892      32
2000     -0.250980      18
2001     0.282462      26
2002     0.298579      23
2003     0.178794      15
2004     0.362829      19
2005     -0.027738      23
2006     0.169360      23
2007     0.343753      23
2008     0.308411      21
2009     0.422749      20
2010     0.183918      18
2011     0.312150      15
2012     0.394036      17
2013     0.493044      27
2014     0.110039      22
2015     0.186901      18
2016     0.343052      13
2017     0.196974      16
2018     0.023178      18
2019     0.231932      13
2020     0.203876      11
2021     0.474288      19
2022     0.491832      12
2023     0.140533      19
2024     -0.019150      13
2025     0.201578      11
2026     0.278275      15
2027     0.220237      17
2028     0.776419      9
2029     -0.035033      11
2030     0.195250      15
2031     0.402714      10
2032     0.252366      12
2033     -0.066454      13
2034     0.367985      12
2035     0.319745      10
2036     -0.048392      6
2037     -0.585152      3
2038     0.096849      5
2039     -0.060432      9
2040     0.452310      9
2041     0.171667      11
2042     -0.184282      10
2043     0.121989      8
2044     0.594840      5
2045     -0.245532      4
2046     0.082005      7
2047     0.094025      3
2048     0.229824      6
2049     0.385090      12
2050     0.312171      6
2051     0.022817      5
2052     0.176094      6
2053     0.334500      6
2054     0.593054      2
2055     0.799172      1
2056     0.507878      5
2057     0.125288      3
2058     0.172524      8
2059     0.902628      1
2060     0.617789      8
2062     0.994912      1
2063     0.683377      1
2064     0.814754      1
2065     -0.505757      1
2066     0.933729      3
2067     -0.244690      5
2068     0.704263      2
2070     -0.194165      1
2071     0.990040      2
2074     0.376881      1
2075     0.228435      5
2079     0.967999      2
2080     0.800325      1
2081     0.801851      1
2083     0.980462      1
2084     -0.326872      1
2101     -0.156883      1
